city,date,temperature,humidity,pressure,weather,windspeed,visibility
Karachi,5/26/2019,35.45712628,26.0124112,996.3569289,clear sky,9.306959368,5.296507166
Karachi,5/27/2019,40.23833828,33.22308539,981.0951877,broken clouds,13.72772726,9.860735914
Karachi,5/28/2019,37.91305492,33.91170349,993.9836675,clear sky,13.3676611,5.041234126
Karachi,5/29/2019,42.64729782,34.08199369,988.7820161,clear sky,14.4138125,9.72797007
Karachi,5/30/2019,34.04089551,50.48095514,1011.938712,mist,5.154552446,5.740237514
Karachi,5/31/2019,37.3787584,27.85615434,998.5492256,clear sky,8.871041584,8.512226222
Karachi,6/1/2019,36.76595794,27.89707349,995.000682,broken clouds,5.187261527,5.935664248
Karachi,6/2/2019,34.66249322,37.64452871,1003.258961,clear sky,9.600649963,6.271057695
Karachi,6/3/2019,43.26328103,23.136674,983.0195136,broken clouds,8.293900918,9.409788343
Karachi,6/4/2019,31.65404679,50.77732138,1014.190529,clear sky,5.829146751,3.697400699
Karachi,6/5/2019,31.39213823,32.79566358,1003.821166,scattered clouds,9.35463228,3.635408061
Karachi,6/6/2019,38.23055257,38.75584574,981.5062465,clear sky,10.2659843,6.519889546
Karachi,6/7/2019,39.51990768,36.53372607,994.381108,clear sky,10.66174542,5.808629462
Karachi,6/8/2019,32.11390807,55.7251722,998.755559,mist,4.233629867,3.55322924
Karachi,6/9/2019,35.25147908,38.13337629,980.9777646,rain,9.986600208,8.39159518
Karachi,6/10/2019,44.14502149,28.17209941,998.0550203,clear sky,14.18208601,6.06913307
Karachi,6/11/2019,32.94587876,55.4010217,1004.493033,few clouds,6.911026617,6.335074497
Karachi,6/12/2019,39.69377123,23.16122601,985.6192211,scattered clouds,7.551163646,9.309646136
Karachi,6/13/2019,40.8423903,20.43283589,994.3277312,few clouds,5.311808641,8.260123957
Karachi,6/14/2019,36.17005919,35.69782789,997.7180476,clear sky,8.363017735,5.59683535
Karachi,6/15/2019,44.00041579,21.49593296,980.0061415,broken clouds,10.72590914,7.86788787
Karachi,6/16/2019,40.78650776,39.77049335,993.7570437,clear sky,5.426132884,6.968143421
Karachi,6/17/2019,36.32679328,33.49592859,995.3402339,scattered clouds,11.09792577,6.716854684
Karachi,6/18/2019,38.10936323,35.0689942,984.1985485,clear sky,10.23413827,6.592657343
Karachi,6/19/2019,40.08181509,24.91607713,989.7924766,rain,12.83435469,9.647161119
Karachi,6/20/2019,38.47504289,33.47730788,981.785718,clear sky,5.288881723,8.712537283
Karachi,6/21/2019,43.05916134,20.86439875,994.9349977,clear sky,12.80847345,5.669243948
Karachi,6/22/2019,34.7102186,55.1347716,1015.423681,thunderstorm,6.64613932,5.380027399
Karachi,6/23/2019,33.79817184,35.08872279,993.2455997,mist,5.593705329,4.591115376
Karachi,6/24/2019,32.42142223,50.92074201,1014.493808,scattered clouds,9.757680835,7.889691563
Karachi,6/25/2019,29.60452749,36.73441504,1013.147105,few clouds,4.120836831,7.890144865
Karachi,6/26/2019,29.68822343,32.05359508,1000.4074,rain,6.789275834,4.597672372
Karachi,6/27/2019,42.92088309,29.62987357,993.8057906,clear sky,8.209814736,6.760565581
Karachi,6/28/2019,39.85429034,23.38572421,980.0009625,few clouds,10.27486379,7.997071036
Karachi,6/29/2019,39.56851865,34.58887977,998.6359531,few clouds,10.52275453,7.396535072
Karachi,6/30/2019,38.8342851,24.75131687,991.0076647,mist,5.894482484,6.065504361
Karachi,7/1/2019,42.58750632,26.84945112,992.4067773,scattered clouds,11.61135147,8.302060835
Karachi,7/2/2019,36.68427081,31.34878503,993.2931883,clear sky,11.34481496,6.670643219
Karachi,7/3/2019,42.92657326,25.69936555,991.2273803,clear sky,12.69467275,8.268582492
Karachi,7/4/2019,34.75112042,41.33964349,1015.702917,rain,3.634609456,4.918407612
Karachi,7/5/2019,43.82732007,36.31243542,992.1940366,few clouds,7.972585469,8.501049469
Karachi,7/6/2019,40.17851168,23.58419699,998.1551998,clear sky,11.501106,8.338997354
Karachi,7/7/2019,33.11483418,32.46604768,1007.469949,mist,3.957115781,5.54406378
Karachi,7/8/2019,38.02535875,26.5671557,983.4224484,clear sky,11.77598211,8.523699954
Karachi,7/9/2019,37.52848898,28.48753534,998.2712511,scattered clouds,5.590267108,7.304828381
Karachi,7/10/2019,31.20638115,46.27977846,1010.448825,shower rain,5.344520871,3.580691498
Karachi,7/11/2019,38.45988649,27.44847392,993.9847799,clear sky,13.46711122,5.910531267
Karachi,7/12/2019,34.03656998,53.69735101,1019.564453,scattered clouds,8.420039033,4.229965671
Karachi,7/13/2019,29.83758027,31.17958463,992.2558966,few clouds,7.513325007,3.316144641
Karachi,7/14/2019,44.17849852,28.63535076,988.5718521,scattered clouds,13.70458417,8.556906103
Karachi,7/15/2019,39.26384591,27.64511829,984.7819079,clear sky,12.09269544,6.836951134
Karachi,7/16/2019,43.03070291,32.95156982,992.6085293,clear sky,10.19375105,5.467616482
Karachi,7/17/2019,39.81689608,39.32552504,996.1362337,mist,14.797175,9.099790604
Karachi,7/18/2019,34.71173907,45.3112622,1018.989321,mist,7.863992559,6.418271422
Karachi,7/19/2019,37.20300916,39.73753694,989.0919221,clear sky,11.01367177,7.261121186
Karachi,7/20/2019,39.81194817,26.0449879,995.7243646,clear sky,9.08870561,6.237126675
Karachi,7/21/2019,44.3640372,20.61736265,998.3410318,clear sky,14.02412499,5.758729469
Karachi,7/22/2019,33.05871135,34.96989502,1010.499763,thunderstorm,5.069963669,5.291870959
Karachi,7/23/2019,42.99963294,27.9024977,984.854651,clear sky,5.092195942,9.426228715
Karachi,7/24/2019,43.78524488,26.32667818,992.157083,clear sky,6.967405224,5.941976616
Karachi,7/25/2019,39.72664823,21.94108262,999.399041,clear sky,6.095174919,7.843296145
Karachi,7/26/2019,43.90026604,28.65320215,999.7510766,few clouds,8.189937742,9.808429976
Karachi,7/27/2019,35.3660574,26.76231543,992.8471965,clear sky,13.25878677,8.185582874
Karachi,7/28/2019,44.24825882,22.45238441,997.7397552,broken clouds,11.51529685,7.199823651
Karachi,7/29/2019,40.24452603,25.92234261,984.0069873,few clouds,6.689805892,8.581864865
Karachi,7/30/2019,29.67209228,56.59308166,997.3823581,clear sky,8.521752048,7.122889595
Karachi,7/31/2019,43.50996531,26.04097731,999.0577523,clear sky,10.04219866,7.952581489
Karachi,8/1/2019,36.75156494,34.27910846,982.7047075,clear sky,10.12714624,9.359161795
Karachi,8/2/2019,36.36523176,32.24094159,983.8221288,rain,8.62112181,7.572958797
Karachi,8/3/2019,38.0634657,28.54362325,988.410972,clear sky,13.64616365,9.150145011
Karachi,8/4/2019,31.39015275,37.1707691,1007.687529,rain,5.228291127,7.760096202
Karachi,8/5/2019,36.50665678,27.38029399,992.0763444,clear sky,5.941397607,7.506217335
Karachi,8/6/2019,42.29803547,31.84214427,985.8395202,clear sky,8.02728994,8.025008578
Karachi,8/7/2019,29.24771935,40.52259644,1017.618417,broken clouds,8.007474824,6.047337715
Karachi,8/8/2019,33.36667457,36.44689301,1017.452997,thunderstorm,7.603073208,6.907174318
Karachi,8/9/2019,29.03927338,33.49388247,1001.762042,rain,4.316120075,7.114829201
Karachi,8/10/2019,35.65138095,37.59533876,988.6858354,few clouds,6.117842991,5.136146581
Karachi,8/11/2019,40.65304817,28.80625952,994.0499423,clear sky,11.60865758,8.66679782
Karachi,8/12/2019,41.78034927,32.50416643,993.2599179,scattered clouds,11.76376836,8.919076223
Karachi,8/13/2019,44.12303618,29.80820722,987.6459403,few clouds,8.661496372,8.502147197
Karachi,8/14/2019,38.73607381,37.45133037,988.284885,broken clouds,13.42801384,8.568478297
Karachi,8/15/2019,33.07402987,46.40804557,1000.441168,shower rain,9.847436427,3.207014296
Karachi,8/16/2019,43.78636719,29.61562836,984.7077001,clear sky,7.056452234,7.21019331
Karachi,8/17/2019,41.40505206,38.49201981,989.1627673,rain,10.77068716,9.090898249
Karachi,8/18/2019,38.19085573,34.39379192,993.7286826,clear sky,5.05346329,9.670035706
Karachi,8/19/2019,40.13024345,22.23099815,994.8393341,clear sky,12.13054396,6.147339603
Karachi,8/20/2019,43.78906168,23.55408922,995.577473,clear sky,9.142821136,7.895974702
Karachi,8/21/2019,40.39830446,35.74245726,987.4946403,broken clouds,6.932692269,9.021651198
Karachi,8/22/2019,34.89399212,55.07553964,1012.93908,few clouds,8.265553452,6.762038214
Karachi,8/23/2019,40.40845124,30.90381658,980.1303263,clear sky,13.10648798,8.094450585
Karachi,8/24/2019,29.6444506,46.63365684,1004.311498,broken clouds,3.778165508,3.093455941
Karachi,8/25/2019,35.18264899,32.63865926,995.878088,clear sky,5.409957618,8.619429201
Karachi,8/26/2019,35.50116851,28.78231549,992.6008944,few clouds,8.340784417,8.866212516
Karachi,8/27/2019,31.66941175,50.4059737,1004.221894,shower rain,7.38193326,6.614247533
Karachi,8/28/2019,29.36936769,33.25443773,1009.33926,thunderstorm,8.55393669,6.829045807
Karachi,8/29/2019,31.13409979,58.83837727,1017.20838,scattered clouds,6.822437476,5.154574463
Karachi,8/30/2019,39.47394393,35.00309648,991.327636,few clouds,10.80748776,9.96876073
Karachi,8/31/2019,41.83662106,32.62348408,995.9957238,clear sky,12.99858222,8.853934579
Karachi,9/1/2019,44.81125588,26.32644114,999.6148545,broken clouds,10.28843374,7.893400026
Karachi,9/2/2019,34.54181605,34.82866462,1011.167046,broken clouds,7.278081432,7.670956349
Karachi,9/3/2019,38.59006756,28.18685928,991.4665153,scattered clouds,10.1621734,9.540991697
Karachi,9/4/2019,43.99431947,33.23153481,980.7497189,clear sky,13.80458233,9.072835327
Karachi,9/5/2019,31.6726685,49.0112923,1001.234337,mist,4.64861633,5.818474595
Karachi,9/6/2019,40.48232938,27.6528231,991.3088547,rain,7.639935845,7.635505096
Karachi,9/7/2019,41.07965973,32.26572788,995.9441314,mist,6.279614616,6.64353966
Karachi,9/8/2019,30.42360857,54.41244887,1003.143144,clear sky,8.73626726,4.254389896
Karachi,9/9/2019,42.77999016,20.52569545,999.2011655,rain,9.117772906,7.561797585
Karachi,9/10/2019,42.00968075,29.01242096,985.4358751,clear sky,8.478939409,7.888908809
Karachi,9/11/2019,29.53444811,52.75665685,1012.337016,broken clouds,9.86944102,4.222632157
Karachi,9/12/2019,30.45735064,46.38433411,1002.570943,few clouds,9.487623565,7.613006218
Karachi,9/13/2019,29.7860303,49.54428264,1004.579655,clear sky,9.803913775,5.786369984
Karachi,9/14/2019,34.35589651,45.50029178,1014.075061,rain,3.996092977,5.632526627
Karachi,9/15/2019,37.14862385,39.83749089,985.9243052,mist,13.91251813,7.178191942
Karachi,9/16/2019,37.51756365,21.09243073,981.9362411,broken clouds,8.287095994,5.290356479
Karachi,9/17/2019,33.28266816,44.73134465,1005.607668,scattered clouds,3.088597391,7.412006672
Karachi,9/18/2019,43.58555018,21.82833098,990.5758922,broken clouds,8.91298336,6.584971132
Karachi,9/19/2019,34.89220464,34.79356686,1013.915033,mist,6.564374472,6.212301672
Karachi,9/20/2019,29.7288025,41.49115051,1019.049576,scattered clouds,3.757542965,6.037167795
Karachi,9/21/2019,33.80363378,34.66620275,991.6590206,shower rain,6.763743318,5.922434127
Karachi,9/22/2019,37.49775076,39.27374332,991.8337895,clear sky,13.19463584,7.62856101
Karachi,9/23/2019,35.53154916,38.93579553,993.6255706,broken clouds,8.776509508,5.907199167
Karachi,9/24/2019,33.38148031,40.08328939,1019.574041,few clouds,5.468513646,4.403028705
Karachi,9/25/2019,31.101172,49.19243136,1018.277706,rain,5.371672942,5.620940356
Karachi,9/26/2019,42.106632,30.67506641,994.2490153,rain,14.23094446,8.946712258
Karachi,9/27/2019,44.93832387,36.31173961,990.4357882,mist,5.487580988,7.159944853
Karachi,9/28/2019,34.27267414,48.82336829,994.8457177,thunderstorm,6.115532994,4.019612765
Karachi,9/29/2019,35.10593671,20.00504909,987.6835311,mist,7.645994541,5.439722124
Karachi,9/30/2019,38.88860039,35.26348771,991.7024465,clear sky,13.93807025,8.315055017
Karachi,10/1/2019,40.4950636,34.93696243,994.5040079,clear sky,5.960522636,7.116699853
Karachi,10/2/2019,35.27247256,30.19445411,992.7079911,clear sky,9.114427667,5.626854463
Karachi,10/3/2019,43.47887227,38.05837946,994.282456,few clouds,9.06816152,8.3723344
Karachi,10/4/2019,37.96006383,38.16892411,988.5830501,mist,13.88394418,6.037893654
Karachi,10/5/2019,36.20624122,30.47823353,994.5525458,broken clouds,7.15493445,7.545080242
Karachi,10/6/2019,39.34676405,32.15976462,982.8748251,clear sky,11.4489541,6.530939875
Karachi,10/7/2019,44.24486157,39.93044144,983.2517262,broken clouds,6.344061269,9.658450322
Karachi,10/8/2019,41.71283671,25.9764047,983.2566429,clear sky,14.53975714,6.141440331
Karachi,10/9/2019,29.64021009,39.73851727,1016.725949,shower rain,7.151104715,5.099592608
Karachi,10/10/2019,34.31695857,35.48321708,992.2810219,broken clouds,7.383797112,7.797467984
Karachi,10/11/2019,36.52871496,37.91733878,996.0301675,clear sky,9.337734017,6.5936259
Karachi,10/12/2019,34.03228116,52.3346517,997.0071269,shower rain,5.395978989,6.222965815
Karachi,10/13/2019,40.20300097,22.11285698,989.3685988,clear sky,7.126764295,6.583635219
Karachi,10/14/2019,42.2203064,39.63534702,998.3191319,rain,11.03987754,5.553374896
Karachi,10/15/2019,40.70152152,34.61923416,991.7187446,few clouds,14.54561745,8.137736163
Karachi,10/16/2019,44.82933259,37.01044219,984.2023537,clear sky,8.597909541,9.580157676
Karachi,10/17/2019,33.36076237,31.44452368,998.5227018,rain,9.182098221,5.262823336
Karachi,10/18/2019,42.99983192,30.09921838,998.4089325,clear sky,6.487763128,8.130882713
Karachi,10/19/2019,41.26596264,33.97196573,988.5428785,mist,14.36126021,8.044492066
Karachi,10/20/2019,34.79486012,46.28839754,1007.609564,broken clouds,5.453403987,5.075448513
Karachi,10/21/2019,40.7459927,33.33294931,989.1986439,scattered clouds,8.797272116,8.074483194
Karachi,10/22/2019,30.6652153,54.53622191,1001.353143,shower rain,6.239895799,4.296590422
Karachi,10/23/2019,41.62933572,27.48674126,984.4655825,few clouds,12.1824427,6.890189523
Karachi,10/24/2019,37.51728964,36.97337351,993.72383,rain,12.19653434,7.211594282
Karachi,10/25/2019,33.67664276,34.88748314,1011.547261,few clouds,6.357120093,7.320043418
Karachi,10/26/2019,39.49243683,25.4177211,985.4977018,mist,10.23152899,6.741664474
Karachi,10/27/2019,39.26591998,20.8669124,995.7802169,clear sky,5.300104878,8.175685241
Karachi,10/28/2019,32.35177956,40.93280434,1015.636056,broken clouds,5.130076911,4.067019187
Karachi,10/29/2019,29.48635864,41.39728634,1017.620253,mist,5.42211952,4.262848645
Karachi,10/30/2019,35.93796139,36.10541194,983.2242483,scattered clouds,10.58727269,8.242144377
Karachi,10/31/2019,38.11218991,33.06261341,986.0784737,rain,10.58299767,8.811549637
Karachi,11/1/2019,43.02568445,28.73445116,997.207067,broken clouds,12.09899798,7.310585883
Karachi,11/2/2019,43.85146873,33.04227957,983.9708041,clear sky,12.17027296,6.675498484
Karachi,11/3/2019,37.46088349,21.05566701,980.0693692,mist,7.352107242,9.55135778
Karachi,11/4/2019,41.06085574,23.60543072,997.4165462,clear sky,12.70187151,5.679039075
Karachi,11/5/2019,36.02885236,32.5389571,986.5289888,scattered clouds,5.19603568,8.603571188
Karachi,11/6/2019,40.93731451,32.82733638,988.2899505,clear sky,12.16161885,8.450853749
Karachi,11/7/2019,32.2768244,53.22403976,1003.390021,clear sky,3.714427725,6.451225814
Karachi,11/8/2019,34.93703576,42.08999277,1015.448238,thunderstorm,8.107537459,7.677102222
Karachi,11/9/2019,39.14764798,34.45108193,986.7578429,mist,10.27118091,8.640951505
Karachi,11/10/2019,29.29052745,50.51940998,1016.768397,clear sky,6.060781505,4.507825947
Karachi,11/11/2019,40.55938097,39.26786757,992.3387828,few clouds,11.9066639,6.767046121
Karachi,11/12/2019,42.36856802,24.30260453,990.5457345,scattered clouds,5.363708337,6.955554866
Karachi,11/13/2019,35.38626658,31.03359128,986.5122901,scattered clouds,7.234703257,5.15404337
Karachi,11/14/2019,36.16707867,32.03528884,984.8742339,few clouds,11.16440142,9.567551577
Karachi,11/15/2019,42.6205154,39.9729577,992.4811689,clear sky,13.47215407,5.367763019
Karachi,11/16/2019,41.41047417,24.02368284,988.9378832,broken clouds,8.811076369,8.49897141
Karachi,11/17/2019,33.61039182,45.6965406,1017.31548,thunderstorm,4.811330308,6.650805024
Karachi,11/18/2019,34.1836177,40.38555923,1004.749161,clear sky,6.631155051,7.218575253
Karachi,11/19/2019,39.86205172,30.51785937,990.2358983,clear sky,11.22315252,7.766811278
Karachi,11/20/2019,38.01116948,24.64257204,988.3344656,few clouds,9.201030314,8.626322119
Karachi,11/21/2019,31.59567314,31.42837135,1013.67789,scattered clouds,9.136974779,4.513614622
Karachi,11/22/2019,33.95887855,47.17696362,1002.745176,shower rain,6.664070962,6.727920055
Karachi,11/23/2019,43.39973243,26.71708632,985.38684,scattered clouds,5.358235876,6.717078686
Karachi,11/24/2019,40.01079099,23.63882803,997.2406175,few clouds,7.230539547,9.514192392
Karachi,11/25/2019,44.77558908,26.47871132,991.9365644,scattered clouds,9.506470309,5.816909039
Karachi,11/26/2019,41.27220048,20.98560403,991.8302044,clear sky,11.97725519,6.578786553
Karachi,11/27/2019,44.07159091,39.00884468,992.2164441,few clouds,7.197522438,7.493847258
Karachi,11/28/2019,32.45901718,47.43443745,1011.565192,mist,9.833802078,6.879252786
Karachi,11/29/2019,41.343758,36.29537363,986.2613598,clear sky,8.185582582,8.743995526
Karachi,11/30/2019,29.32348032,42.69354593,991.0153311,clear sky,6.727361448,4.053584372
Karachi,12/1/2019,23.40292037,86.1325867,1032.423726,shower rain,0.132764693,1.721178483
Karachi,12/2/2019,19.97779873,69.33272886,1005.156202,mist,6.19423505,2.519848021
Karachi,12/3/2019,17.89492122,72.95781289,1028.872789,clear sky,5.521842575,3.418770758
Karachi,12/4/2019,26.66087399,44.7538194,992.4694589,clear sky,4.36820603,5.695025224
Karachi,12/5/2019,26.52255078,51.99834888,1001.259235,thunderstorm,9.532656839,5.145687955
Karachi,12/6/2019,12.37912898,72.6662431,1002.521043,shower rain,2.210878347,4.315450583
Karachi,12/7/2019,22.36158708,60.86395694,1020.888547,rain,4.845304019,3.137794718
Karachi,12/8/2019,18.25314781,55.82158125,1026.125431,thunderstorm,5.732834226,5.73164505
Karachi,12/9/2019,19.06623703,74.24497556,1006.857326,mist,5.186401229,2.30484424
Karachi,12/10/2019,26.14469257,44.67539885,1001.148829,rain,9.423079488,6.136860603
Karachi,12/11/2019,17.26727612,53.83902787,1037.20958,shower rain,6.049923322,4.056889693
Karachi,12/12/2019,28.03182978,41.86852397,1003.271674,mist,9.962280599,4.407873609
Karachi,12/13/2019,15.05377505,70.59105688,1032.101743,rain,1.278279888,3.058438123
Karachi,12/14/2019,23.2662812,83.07572935,1037.08739,scattered clouds,2.133332609,2.827368097
Karachi,12/15/2019,23.42578614,53.04404223,1038.973833,shower rain,4.453581072,1.8624953
Karachi,12/16/2019,16.28731774,63.93981393,1035.932881,clear sky,5.131330301,3.386476063
Karachi,12/17/2019,17.52076035,82.90624491,1012.696213,few clouds,3.742235382,2.933311265
Karachi,12/18/2019,26.19157437,49.45271795,1018.877187,shower rain,3.517498554,3.8915868
Karachi,12/19/2019,24.95068933,61.59833287,1032.49581,rain,5.891166588,3.249400227
Karachi,12/20/2019,17.59462997,83.81340488,1033.487023,broken clouds,6.726120492,3.109219841
Karachi,12/21/2019,21.0772613,69.73174322,1000.606919,mist,2.838617907,1.656828388
Karachi,12/22/2019,13.04856504,69.93407565,1038.169555,clear sky,1.573687372,1.65593771
Karachi,12/23/2019,15.54868,89.06349357,1031.123609,shower rain,0.135196285,4.237536899
Karachi,12/24/2019,20.2589495,87.88466013,1030.7187,rain,1.661093253,4.532904024
Karachi,12/25/2019,13.4615535,64.34130733,1003.260989,broken clouds,4.899431424,5.7059021
Karachi,12/26/2019,26.33665003,34.21737386,996.9770562,clear sky,9.381125714,3.435023452
Karachi,12/27/2019,24.20610557,63.02666929,1038.490467,few clouds,0.654591465,1.589307462
Karachi,12/28/2019,28.0417724,30.91449781,1005.020312,clear sky,6.87281431,3.259090642
Karachi,12/29/2019,23.7889374,50.83071547,1015.914321,thunderstorm,4.86871874,3.661142154
Karachi,12/30/2019,27.98682333,41.86566409,1015.198225,shower rain,4.934665748,6.113733071
Karachi,12/31/2019,21.42671345,87.64079291,1003.493617,few clouds,3.989279274,3.01761726
Karachi,1/1/2020,22.20371639,84.85429365,1016.677681,mist,5.006738982,4.989511105
Karachi,1/2/2020,28.60850793,45.34328502,1001.271023,rain,8.864034702,6.43349718
Karachi,1/3/2020,22.9161955,72.60905525,1013.994055,few clouds,3.167498956,5.929202105
Karachi,1/4/2020,12.52337167,50.23733987,1012.30769,few clouds,5.235000532,1.689474916
Karachi,1/5/2020,24.3046472,58.62004623,1008.402998,rain,2.112480802,1.291578322
Karachi,1/6/2020,27.39296777,30.74322381,995.1873241,thunderstorm,4.491327227,4.374018528
Karachi,1/7/2020,25.52486425,52.63618598,1009.212184,rain,4.311196223,3.095250977
Karachi,1/8/2020,21.92516563,55.82583184,1036.775794,scattered clouds,2.512109123,5.663057139
Karachi,1/9/2020,23.41215972,84.7618841,1020.354066,mist,0.251157773,2.519758293
Karachi,1/10/2020,28.83326042,49.29972941,998.9392366,scattered clouds,4.980942864,5.762150835
Karachi,1/11/2020,13.5412555,59.17674706,1006.366408,few clouds,4.565559771,2.590348164
Karachi,1/12/2020,23.34316209,56.30881268,1033.205735,clear sky,4.53543333,2.22904311
Karachi,1/13/2020,16.81776081,75.10498804,1038.859682,mist,0.514876645,1.76182362
Karachi,1/14/2020,22.88153674,86.03347921,1013.966216,scattered clouds,2.01190932,2.601829602
Karachi,1/15/2020,22.32960079,78.73440876,1011.638017,shower rain,3.986903653,4.077094652
Karachi,1/16/2020,14.60876615,63.94186606,1024.059718,broken clouds,2.229864963,5.858105998
Karachi,1/17/2020,15.51469298,73.49534381,1031.013159,broken clouds,2.925916169,3.790460202
Karachi,1/18/2020,22.56770283,62.43046781,1018.216112,shower rain,4.9896753,3.66354533
Karachi,1/19/2020,14.1799091,89.96598267,1025.202926,few clouds,0.064867806,1.176315091
Karachi,1/20/2020,16.50807488,79.95356754,1028.661963,shower rain,1.934754809,5.200495078
Karachi,1/21/2020,26.19917431,48.43144919,1018.817769,mist,3.996605706,3.224206875
Karachi,1/22/2020,17.5605556,66.93036571,1006.601493,rain,0.893264279,5.531161371
Karachi,1/23/2020,20.29702266,74.72609161,1039.8953,clear sky,6.713281515,3.693358627
Karachi,1/24/2020,27.9993857,40.24848187,1001.7647,few clouds,5.635922321,3.842333026
Karachi,1/25/2020,15.86153451,51.15459358,1028.928006,scattered clouds,3.689620094,3.25853696
Karachi,1/26/2020,18.6236423,65.80354089,1022.896575,scattered clouds,5.136753209,5.974922403
Karachi,1/27/2020,22.30978218,87.21923278,1019.466745,thunderstorm,0.332132324,2.52541426
Karachi,1/28/2020,24.8407618,75.05204379,1027.923015,rain,1.68715847,2.347298843
Karachi,1/29/2020,27.32810757,32.51867109,1001.872616,few clouds,8.825034511,3.590029475
Karachi,1/30/2020,27.56304079,56.5498084,993.7832994,few clouds,9.033934292,5.985711744
Karachi,1/31/2020,25.20288126,38.06624548,1004.666801,clear sky,5.610656444,3.446134995
Karachi,2/1/2020,15.88162422,59.75077972,1020.876635,scattered clouds,2.624031198,4.830040319
Karachi,2/2/2020,12.42175861,61.88363875,1008.076086,clear sky,5.29827814,5.596117572
Karachi,2/3/2020,18.52415682,73.08808945,1037.424774,rain,2.065491587,5.659355556
Karachi,2/4/2020,14.40633047,71.78752374,1009.099026,shower rain,0.819658568,1.539581264
Karachi,2/5/2020,24.07659001,69.65655018,1016.369104,few clouds,1.802748152,3.791312987
Karachi,2/6/2020,23.23921998,78.70147454,1006.197187,rain,2.711413121,1.485549275
Karachi,2/7/2020,12.74751791,62.66150925,1021.431866,scattered clouds,0.365432967,3.860080707
Karachi,2/8/2020,26.22209425,53.46193565,999.2291282,clear sky,6.350761779,7.074902926
Karachi,2/9/2020,16.22863553,57.01286714,1019.570901,thunderstorm,5.180052589,3.688950812
Karachi,2/10/2020,19.34786028,81.30483156,1008.984677,rain,3.596216011,5.360269131
Karachi,2/11/2020,23.3548735,76.55240421,1002.151005,shower rain,0.503267384,5.008371774
Karachi,2/12/2020,19.30011938,77.32833238,1031.169066,few clouds,3.081047419,2.38274175
Karachi,2/13/2020,19.50189265,69.26213589,1025.643451,broken clouds,4.962332256,4.150511414
Karachi,2/14/2020,13.11567592,76.68006131,1013.629574,clear sky,0.406676578,1.037060632
Karachi,2/15/2020,18.82454034,53.19188186,1001.899769,mist,0.418930328,2.98020958
Karachi,2/16/2020,25.00241418,55.54653351,1015.967252,clear sky,5.594209822,4.189800839
Karachi,2/17/2020,27.55799773,31.666417,995.0938501,few clouds,4.364747749,7.68558173
Karachi,2/18/2020,19.02945133,55.94966039,1037.229689,shower rain,6.543465539,3.026945059
Karachi,2/19/2020,19.20095906,73.07158834,1019.143815,broken clouds,4.069405226,4.270322142
Karachi,2/20/2020,23.94466081,79.57645822,1013.615468,shower rain,2.011277796,4.659908046
Karachi,2/21/2020,28.02712402,32.28754693,1012.252784,broken clouds,7.933437104,6.866062693
Karachi,2/22/2020,16.54003598,86.83059256,1035.073576,rain,2.62450336,4.67887596
Karachi,2/23/2020,19.48245151,88.94430595,1014.828543,mist,0.924809511,2.445825305
Karachi,2/24/2020,25.53154514,48.17850519,1002.220313,mist,4.660625609,6.430338484
Karachi,2/25/2020,22.36479068,69.24973822,1017.326329,rain,4.499230991,3.745047411
Karachi,2/26/2020,13.87996785,79.65579889,1036.892922,rain,0.363132742,3.986863324
Karachi,2/27/2020,22.6714565,63.13429409,1027.70256,clear sky,1.90882328,1.004073087
Karachi,2/28/2020,15.17468684,69.73057736,1009.905845,clear sky,1.458180343,2.291288005
Karachi,2/29/2020,20.67367088,86.64604107,1007.399988,rain,1.407945775,5.653418484
Karachi,3/1/2020,37.46565228,39.1131085,984.6073533,few clouds,11.82762412,6.450380417
Karachi,3/2/2020,43.0192538,38.54138232,985.2712778,clear sky,13.25816917,7.190077611
Karachi,3/3/2020,36.39990838,25.24896134,984.6036698,scattered clouds,12.15866608,5.933369911
Karachi,3/4/2020,33.47107876,36.97407121,1009.755193,clear sky,7.520094711,3.69301276
Karachi,3/5/2020,32.69546157,38.92993518,993.4780053,shower rain,9.415162403,4.043344843
Karachi,3/6/2020,42.98803003,28.82622225,987.7471698,clear sky,5.583923804,7.768236644
Karachi,3/7/2020,31.73617367,39.42502238,1008.751607,mist,4.172381602,7.595143257
Karachi,3/8/2020,35.81389697,27.48425591,985.8171995,thunderstorm,9.144068557,6.630995899
Karachi,3/9/2020,31.99476984,48.61910856,991.9582315,clear sky,5.607161505,4.617039761
Karachi,3/10/2020,41.37286464,35.25051354,981.6364785,few clouds,9.18051603,7.820702934
Karachi,3/11/2020,36.58996224,34.71116397,982.5193355,clear sky,7.06454905,6.783713588
Karachi,3/12/2020,34.61829905,54.43270701,1015.075291,broken clouds,4.046523209,7.55208024
Karachi,3/13/2020,34.77759425,30.9655321,1009.735905,broken clouds,6.564352732,4.889240213
Karachi,3/14/2020,42.63542731,20.95467579,981.2904482,scattered clouds,14.28052524,7.452211263
Karachi,3/15/2020,37.86038327,35.78765921,987.8213776,clear sky,8.919694623,7.66694642
Karachi,3/16/2020,40.48588562,30.66157645,985.5717035,clear sky,5.433532141,8.910338976
Karachi,3/17/2020,43.35261626,31.56281348,991.5608022,scattered clouds,12.06167343,7.819529697
Karachi,3/18/2020,43.42786682,21.0517372,990.456119,few clouds,7.911049055,6.195775501
Karachi,3/19/2020,34.25614487,37.65941404,1004.433721,clear sky,4.715665051,3.619936033
Karachi,3/20/2020,44.23922021,32.7670861,986.2902474,clear sky,8.242580007,9.688872733
Karachi,3/21/2020,29.39801411,55.7754567,994.1339932,scattered clouds,8.066708667,7.007814973
Karachi,3/22/2020,35.02936898,38.33966794,994.8475277,scattered clouds,13.18819387,5.114826051
Karachi,3/23/2020,43.33278172,30.00838992,997.5971354,clear sky,10.88056067,9.107644922
Karachi,3/24/2020,33.39419008,46.36422698,1018.324527,clear sky,5.257351276,5.95298897
Karachi,3/25/2020,33.36930321,54.99148893,991.7585691,scattered clouds,5.173347632,5.594471175
Karachi,3/26/2020,33.84195656,46.12873802,1012.197261,broken clouds,3.870158449,3.061145895
Karachi,3/27/2020,38.79701416,30.33717051,994.5300692,clear sky,14.33301048,8.904320282
Karachi,3/28/2020,36.01332441,38.10168076,998.9421923,clear sky,11.38139399,5.990325071
Karachi,3/29/2020,40.62775738,35.79865442,985.0582919,few clouds,5.269746199,8.639906066
Karachi,3/30/2020,43.31857028,38.18145053,994.8435808,clear sky,11.62367095,5.079341237
Karachi,3/31/2020,39.78719,24.3649411,981.0925258,few clouds,9.471534242,8.981768248
Karachi,4/1/2020,32.27146752,45.7312646,1008.937372,thunderstorm,9.807905741,3.115197342
Karachi,4/2/2020,43.92291044,36.84944257,987.0169565,scattered clouds,13.19068825,6.17946452
Karachi,4/3/2020,33.23188597,33.33443482,1013.067283,rain,4.199210277,4.341391063
Karachi,4/4/2020,31.39830873,53.83986463,1015.899129,thunderstorm,8.040777832,3.787543191
Karachi,4/5/2020,30.43947646,35.4892015,1000.944631,shower rain,6.398962027,5.405290981
Karachi,4/6/2020,38.01413985,36.1623751,990.5117219,clear sky,6.870451637,6.418439798
Karachi,4/7/2020,30.8201994,48.36002813,993.5221219,few clouds,7.891179351,7.966439879
Karachi,4/8/2020,31.22041415,35.79707974,1002.507209,broken clouds,6.831713051,5.899843967
Karachi,4/9/2020,33.80048769,44.20062538,1000.824012,clear sky,3.212617151,5.832389125
Karachi,4/10/2020,33.50644815,50.45715499,995.4937038,mist,7.526115654,4.104348151
Karachi,4/11/2020,38.66783217,32.67705802,997.8895725,broken clouds,11.3498709,7.043447194
Karachi,4/12/2020,42.06792447,28.54494392,982.9617568,clear sky,6.440851611,5.619889972
Karachi,4/13/2020,41.1815945,37.98733058,992.7147872,clear sky,8.48987727,8.812646261
Karachi,4/14/2020,33.19975128,45.57790243,1016.704279,broken clouds,7.101292795,4.655796231
Karachi,4/15/2020,32.92496797,45.17601896,1017.359057,mist,3.971481099,6.759829167
Karachi,4/16/2020,44.45266448,21.2450118,995.864794,rain,13.52723378,6.85848
Karachi,4/17/2020,29.13177987,57.66361169,995.284234,rain,3.192402324,7.943786201
Karachi,4/18/2020,43.07552853,23.54233137,996.3486282,clear sky,6.02837415,5.855608111
Karachi,4/19/2020,32.19565631,45.8503408,998.2969444,clear sky,3.812748439,3.007619469
Karachi,4/20/2020,44.15654917,36.07135203,998.4479605,few clouds,10.28107126,7.974127707
Karachi,4/21/2020,34.47691656,36.46359831,1011.2726,thunderstorm,7.340798085,7.764766
Karachi,4/22/2020,36.04562838,30.5474658,995.7053512,clear sky,9.037407965,8.235270275
Karachi,4/23/2020,40.31392982,24.81369818,981.7006491,mist,7.886668277,5.428617614
Karachi,4/24/2020,38.40270482,35.19389996,991.6553023,scattered clouds,13.09317376,7.702401912
Karachi,4/25/2020,34.08702928,46.93023504,1014.634264,clear sky,3.478001886,7.547434681
Karachi,4/26/2020,37.86129465,37.11951721,997.2318071,clear sky,7.802918611,5.032530339
Karachi,4/27/2020,40.69131015,37.89116006,980.5726341,clear sky,5.391155788,5.834561064
Karachi,4/28/2020,29.67735913,49.46200447,1018.174777,thunderstorm,3.097230945,7.072807781
Karachi,4/29/2020,29.17918888,51.76173738,991.300162,clear sky,5.473659209,7.469535533
Karachi,4/30/2020,36.32907103,30.984402,992.2903736,clear sky,6.948236624,8.535803104
Karachi,5/1/2020,31.10938588,41.53286199,1010.801626,rain,4.878560984,7.957800818
Karachi,5/2/2020,39.62950866,32.96235846,982.1469058,rain,13.20947157,5.451079648
Karachi,5/3/2020,32.4248393,57.2486587,991.440356,clear sky,4.140860674,5.728382579
Karachi,5/4/2020,35.92561771,28.33360761,995.6982431,few clouds,12.80233367,8.424973613
Karachi,5/5/2020,32.16273499,39.43230079,1001.540119,mist,7.725354362,6.513223602
Karachi,5/6/2020,37.77573737,27.76873877,982.1422503,broken clouds,8.264455251,8.967423077
Karachi,5/7/2020,30.85685535,43.06192891,1012.880034,thunderstorm,6.825893016,7.588130225
Karachi,5/8/2020,29.36970964,32.20683087,1015.474892,scattered clouds,6.111049268,4.808207228
Karachi,5/9/2020,29.81810621,44.95325521,1007.621586,few clouds,3.898767208,3.214816964
Karachi,5/10/2020,44.26813506,29.88628496,983.2247362,broken clouds,14.07185322,6.812209572
Karachi,5/11/2020,31.2765795,47.65331483,990.4566741,few clouds,6.987325773,6.358073817
Karachi,5/12/2020,40.33565205,27.25640061,994.0160496,clear sky,13.80240046,6.067280437
Karachi,5/13/2020,30.08681927,48.39322788,1006.50419,mist,8.766785583,7.049864758
Karachi,5/14/2020,30.73056564,56.34648931,1009.523914,shower rain,3.558431477,4.098822289
Karachi,5/15/2020,37.14202002,39.10941981,996.2636934,clear sky,7.07270666,5.050317012
Karachi,5/16/2020,36.43793488,31.67224432,988.6845555,clear sky,6.452611144,7.540403871
Karachi,5/17/2020,44.22528495,20.85181908,982.4903094,scattered clouds,13.30779533,8.632307857
Karachi,5/18/2020,44.11736725,39.38471995,998.7996657,clear sky,13.62446626,6.748276703
Karachi,5/19/2020,41.47373828,34.11724122,990.9052425,mist,10.2797151,8.744478998
Karachi,5/20/2020,38.63362928,26.71927297,992.3058824,few clouds,6.041780725,7.192021671
Karachi,5/21/2020,36.27936508,22.94315402,998.6682286,rain,6.356166185,5.858573087
Karachi,5/22/2020,34.69885655,34.30255837,1017.94751,mist,8.694841687,3.452791969
Karachi,5/23/2020,44.15340075,23.35488812,991.4418921,clear sky,14.29190137,8.552935825
Karachi,5/24/2020,38.64654098,20.91145043,985.9522285,clear sky,6.994756851,6.928573938
Karachi,5/25/2020,38.26516044,38.04308377,999.9422727,rain,5.111375765,9.56386884
Karachi,5/26/2020,32.71041795,46.22304698,1010.424513,shower rain,5.316670336,5.701275293
Karachi,5/27/2020,29.74716509,50.99878238,1002.2531,mist,3.213495728,4.742162091
Karachi,5/28/2020,44.12301728,36.56217019,991.1967361,scattered clouds,13.27974916,6.744954635
Karachi,5/29/2020,34.01976414,53.74623019,1002.475022,mist,6.440585801,3.657189322
Karachi,5/30/2020,36.08142437,37.65211247,997.766103,broken clouds,11.41860779,7.968945768
Karachi,5/31/2020,30.8342391,59.01763868,1004.474981,shower rain,5.880394133,5.910835677
Karachi,6/1/2020,42.39078928,28.78141229,996.4705675,scattered clouds,8.45507547,8.99996846
Karachi,6/2/2020,29.44210933,58.510064,1015.205289,broken clouds,4.555402892,4.005984812
Karachi,6/3/2020,42.34385219,34.46579897,996.4866468,scattered clouds,12.70532547,6.453948212
Karachi,6/4/2020,31.2445602,32.12004571,1011.665658,few clouds,7.868833091,3.486189845
Karachi,6/5/2020,43.1850258,33.63566242,997.0975543,clear sky,8.607289845,6.476711011
Karachi,6/6/2020,40.6763622,33.73433319,987.7445916,mist,8.211161343,7.140510579
Karachi,6/7/2020,31.6347242,57.17581691,993.4398962,thunderstorm,3.008700151,7.82014203
Karachi,6/8/2020,38.05308789,27.45864265,996.8490841,scattered clouds,5.6355213,8.265330014
Karachi,6/9/2020,34.00250103,47.54734501,1004.945052,broken clouds,7.362788674,6.914369649
Karachi,6/10/2020,31.85172958,30.36562653,993.821281,broken clouds,6.602251172,4.627549426
Karachi,6/11/2020,42.74691519,26.64150484,982.3062504,mist,9.348032045,5.722564064
Karachi,6/12/2020,35.45636426,21.24487452,983.1848479,broken clouds,13.27502241,6.28359971
Karachi,6/13/2020,35.37669943,30.43745946,995.0194652,thunderstorm,10.03898204,6.282338455
Karachi,6/14/2020,31.7181868,54.52342952,1011.3257,scattered clouds,5.69145507,5.915576641
Karachi,6/15/2020,35.12905082,24.12885384,984.0763736,rain,6.612563475,6.707355662
Karachi,6/16/2020,42.94586954,30.54882091,996.9384684,clear sky,13.20688008,9.286994322
Karachi,6/17/2020,34.81005937,36.1202591,998.4388439,thunderstorm,7.033737751,7.942722596
Karachi,6/18/2020,44.225657,22.41376936,995.8597117,scattered clouds,5.924599659,6.716492026
Karachi,6/19/2020,44.14094239,30.21993584,989.7761182,broken clouds,11.48898398,8.525301368
Karachi,6/20/2020,31.31837855,32.37445863,1011.94646,broken clouds,5.975495218,6.28743291
Karachi,6/21/2020,31.83698006,47.62063893,1001.44163,broken clouds,8.679703565,3.972312439
Karachi,6/22/2020,42.80278513,20.62674921,986.9428119,clear sky,14.18914597,9.590042974
Karachi,6/23/2020,35.2841747,22.13429944,996.827192,mist,11.00465813,5.997212936
Karachi,6/24/2020,29.06998372,46.49992456,991.0590676,shower rain,8.121289735,6.684785658
Karachi,6/25/2020,33.38194912,47.74222239,1019.242108,broken clouds,3.396135933,4.738048211
Karachi,6/26/2020,38.56206389,20.5797386,992.9635912,broken clouds,10.60255455,6.835407835
Karachi,6/27/2020,41.78825546,31.46753576,988.6496678,few clouds,12.55339978,7.277245264
Karachi,6/28/2020,31.13421787,55.15507576,1008.841636,scattered clouds,6.477335046,7.32253989
Karachi,6/29/2020,30.76866183,51.66948532,993.6822284,rain,7.154850627,3.701259708
Karachi,6/30/2020,43.75348246,22.62370208,990.2810491,clear sky,13.98948186,5.272847889
Karachi,7/1/2020,41.01837389,31.84949295,999.7019105,scattered clouds,6.98099572,7.010204095
Karachi,7/2/2020,38.43647361,33.44505,984.7053888,scattered clouds,5.982465076,5.277925496
Karachi,7/3/2020,41.30698864,20.74462404,994.445562,clear sky,11.90643613,8.438004415
Karachi,7/4/2020,35.86166978,37.10695337,988.6994275,few clouds,13.22848906,8.801625375
Karachi,7/5/2020,41.13529196,38.12534795,993.049163,clear sky,13.50490189,9.273561974
Karachi,7/6/2020,34.94884786,55.5135682,996.1466169,scattered clouds,7.49151148,6.719211227
Karachi,7/7/2020,32.90551316,54.73894404,1004.113949,broken clouds,8.832493927,7.581756968
Karachi,7/8/2020,40.66421474,34.89930397,999.6018543,clear sky,12.00664206,8.741505614
Karachi,7/9/2020,35.71475667,32.66864063,983.905743,shower rain,5.873769159,9.680378199
Karachi,7/10/2020,44.70203367,33.5725401,992.7289006,clear sky,12.62043508,5.965553971
Karachi,7/11/2020,34.59176292,54.1918588,1007.267932,clear sky,4.255517827,5.499315664
Karachi,7/12/2020,43.74763873,33.24996917,991.3010317,clear sky,7.366093426,9.969652999
Karachi,7/13/2020,43.92740078,26.55453913,992.3024658,clear sky,8.94650627,8.407890913
Karachi,7/14/2020,32.86964715,41.27883306,1005.067139,shower rain,5.201969464,7.39320559
Karachi,7/15/2020,41.77153891,37.94114937,980.338615,clear sky,8.216517383,5.151968969
Karachi,7/16/2020,35.92919208,20.34244172,998.0019362,mist,6.692595242,9.358789493
Karachi,7/17/2020,43.68039564,33.97641162,996.5395765,scattered clouds,7.938710471,8.488566173
Karachi,7/18/2020,36.20198836,39.09555105,983.4833536,few clouds,5.1966259,5.85377717
Karachi,7/19/2020,40.90885948,34.1245634,988.2654635,scattered clouds,9.729109467,5.128404782
Karachi,7/20/2020,36.47147855,39.87823976,995.4109796,scattered clouds,12.68590959,6.299632891
Karachi,7/21/2020,32.64481209,50.62634717,1019.401869,rain,9.035731585,7.578866795
Karachi,7/22/2020,32.18960206,31.03089088,1018.534111,few clouds,8.742999913,6.340664694
Karachi,7/23/2020,35.80689911,36.54019763,997.987184,thunderstorm,9.16457719,9.597345521
Karachi,7/24/2020,41.08791451,25.69259824,983.1674779,broken clouds,12.30426481,7.230753912
Karachi,7/25/2020,38.68114376,28.92114451,998.2895021,rain,7.878907741,9.683135476
Karachi,7/26/2020,40.01806864,26.24183832,997.5688983,clear sky,5.555624727,7.314799077
Karachi,7/27/2020,33.51722161,38.05662319,1001.308497,clear sky,7.731800678,4.021273622
Karachi,7/28/2020,36.70296554,28.62811407,987.8904519,few clouds,11.48796165,5.756967321
Karachi,7/29/2020,29.71032424,41.36254345,1003.797268,few clouds,8.611405768,7.969059065
Karachi,7/30/2020,42.08051866,32.66677164,993.1235126,mist,11.16106207,6.669313307
Karachi,7/31/2020,44.8382746,36.26302402,985.2167123,few clouds,6.56891625,5.800265127
Karachi,8/1/2020,35.510065,25.94177306,980.4589686,thunderstorm,13.53162392,5.042042154
Karachi,8/2/2020,29.17541845,36.41163458,994.2368857,clear sky,7.390769516,4.427847833
Karachi,8/3/2020,31.71668223,50.00685813,1003.203477,rain,8.653267893,7.445580718
Karachi,8/4/2020,39.44043004,33.40640132,985.6400514,clear sky,12.7410712,7.670046603
Karachi,8/5/2020,38.79326909,38.02262479,995.2903312,rain,7.978644872,8.162175258
Karachi,8/6/2020,41.60583551,20.31891373,982.1338014,clear sky,5.745529749,9.611955519
Karachi,8/7/2020,33.06214418,55.59121986,1017.523957,mist,4.235530864,5.564199591
Karachi,8/8/2020,41.21811065,30.42004346,997.9065436,few clouds,5.928623343,9.191399229
Karachi,8/9/2020,40.00774434,32.42604178,998.1751363,mist,7.434124321,6.61916639
Karachi,8/10/2020,34.16503196,32.74114322,1012.1883,clear sky,6.216725911,7.885509314
Karachi,8/11/2020,37.72781037,28.65229866,982.1399994,clear sky,14.06810605,5.394069368
Karachi,8/12/2020,31.35638094,36.81907222,1003.144127,rain,9.104131291,6.624147628
Karachi,8/13/2020,36.24103205,25.0845006,982.6281074,clear sky,12.18599815,8.302831434
Karachi,8/14/2020,43.09915743,30.08190229,999.7539839,clear sky,5.241123595,5.958357529
Karachi,8/15/2020,35.73906208,36.24911901,986.6607685,clear sky,8.413892013,6.944219994
Karachi,8/16/2020,42.4330673,34.8756186,991.7066108,scattered clouds,11.82348426,6.564145584
Karachi,8/17/2020,38.44405384,31.81999918,995.5878611,clear sky,6.290288968,5.472464342
Karachi,8/18/2020,32.07002741,46.18254578,1017.618483,shower rain,8.60761495,5.923940115
Karachi,8/19/2020,38.29769992,28.54612086,995.1109545,rain,14.1457368,9.968349228
Karachi,8/20/2020,37.09573327,39.45419947,993.4900756,few clouds,8.541044466,7.797940705
Karachi,8/21/2020,35.37826136,31.20385108,989.3196356,scattered clouds,12.05843062,7.726299534
Karachi,8/22/2020,30.91408703,37.61899195,1008.162004,mist,4.037428929,3.201568537
Karachi,8/23/2020,35.66733862,24.60181584,981.8832762,clear sky,11.90816449,5.696101117
Karachi,8/24/2020,30.16419802,48.34059092,1016.517676,clear sky,3.150187886,5.566095446
Karachi,8/25/2020,30.58030482,45.68482582,1006.313319,few clouds,4.055400548,7.925892821
Karachi,8/26/2020,35.65466453,20.15395606,980.802701,shower rain,12.09881447,9.383038677
Karachi,8/27/2020,33.88610371,54.90196117,1017.597064,few clouds,7.98295156,4.701045607
Karachi,8/28/2020,43.80870921,34.08244708,989.7860395,mist,11.41162706,7.715021271
Karachi,8/29/2020,35.01129289,33.23658579,997.3717828,clear sky,9.773640244,7.763511111
Karachi,8/30/2020,41.12572995,21.37561315,997.1377591,few clouds,11.74908091,8.426803064
Karachi,8/31/2020,37.48396042,27.241117,996.3150317,clear sky,12.73800798,8.438910206
Karachi,9/1/2020,40.2653707,38.70764521,981.2280604,few clouds,14.66481659,8.948962442
Karachi,9/2/2020,33.16185573,55.87767724,997.4119994,clear sky,9.220487221,3.124855124
Karachi,9/3/2020,44.07047957,25.71085876,997.5109574,clear sky,12.94534203,9.718400953
Karachi,9/4/2020,37.48141595,23.14117768,997.9798211,rain,11.94757517,5.35031023
Karachi,9/5/2020,42.30118514,28.98175914,989.1613772,clear sky,10.74155545,7.380800557
Karachi,9/6/2020,34.8407311,40.67491136,1003.201244,thunderstorm,3.844261763,7.597896382
Karachi,9/7/2020,30.60338158,50.4667913,995.254219,rain,4.158897895,5.438344146
Karachi,9/8/2020,39.77938636,39.3286962,999.3682158,clear sky,13.20279561,5.318184171
Karachi,9/9/2020,29.12415437,40.8900435,996.3941543,scattered clouds,8.623190385,4.146200099
Karachi,9/10/2020,36.60468763,21.24448345,983.8187357,clear sky,11.14458926,7.893333777
Karachi,9/11/2020,32.08483044,56.92842025,1009.821869,rain,6.071880929,3.439308089
Karachi,9/12/2020,39.03800807,20.7589946,984.8568861,broken clouds,5.260326498,7.118389655
Karachi,9/13/2020,44.67071797,39.05531794,998.7754322,clear sky,8.271769425,6.645466331
Karachi,9/14/2020,36.4304465,33.29158856,980.2181399,rain,9.206396576,9.076038139
Karachi,9/15/2020,42.0799721,38.83378417,980.1150652,clear sky,9.858162862,5.550659692
Karachi,9/16/2020,37.12454699,23.99319373,990.097536,few clouds,14.29324599,8.413992251
Karachi,9/17/2020,36.9334405,20.81399591,989.7612492,broken clouds,6.087093998,7.032945354
Karachi,9/18/2020,43.88677589,29.76419957,983.2672804,few clouds,10.1886692,7.938753402
Karachi,9/19/2020,43.2394539,29.01246829,989.8903913,rain,8.67922297,6.02765886
Karachi,9/20/2020,41.57280744,26.62984547,988.2332221,clear sky,14.90098119,8.048518424
Karachi,9/21/2020,33.74009205,58.72969423,1016.709886,rain,9.033048114,6.369888637
Karachi,9/22/2020,37.72013465,36.45167464,980.1850784,clear sky,9.387858542,5.351157823
Karachi,9/23/2020,32.58235573,49.84746064,1019.288094,shower rain,9.997869265,7.121721338
Karachi,9/24/2020,36.10266717,23.25716583,992.4878553,clear sky,10.14063246,9.306270564
Karachi,9/25/2020,36.74740905,34.68646816,983.0368689,clear sky,6.671177966,5.317770278
Karachi,9/26/2020,42.30624064,34.54024909,980.9352003,broken clouds,10.55874692,8.01593744
Karachi,9/27/2020,43.33645385,28.50136347,990.7621132,clear sky,7.262057658,7.970057485
Karachi,9/28/2020,35.633921,38.49571819,984.6978033,mist,11.3631284,5.062292059
Karachi,9/29/2020,29.28327112,35.00933647,999.0349661,scattered clouds,9.562081224,4.71173207
Karachi,9/30/2020,42.78838144,25.34675125,984.9026433,clear sky,12.86198577,9.844628914
Karachi,10/1/2020,31.78845886,31.89673018,1009.505169,clear sky,4.912145833,5.777253761
Karachi,10/2/2020,38.95011142,35.90901916,991.0705792,clear sky,7.96858625,9.666059014
Karachi,10/3/2020,29.39953441,48.65278158,992.3392327,scattered clouds,3.485017422,6.378223179
Karachi,10/4/2020,35.3921036,26.29880611,990.5305307,shower rain,7.858678356,5.141952591
Karachi,10/5/2020,44.77536483,23.27627327,995.8237953,broken clouds,5.926247997,5.38856599
Karachi,10/6/2020,30.61109762,31.2044331,992.4358377,rain,6.496141035,6.610894777
Karachi,10/7/2020,35.77909043,23.33491137,997.7947795,mist,12.08347079,7.772838952
Karachi,10/8/2020,33.9143992,43.59853939,1007.349199,mist,8.25826813,3.635758323
Karachi,10/9/2020,43.48140997,24.94353938,999.0124894,clear sky,5.595292322,8.070313392
Karachi,10/10/2020,42.90944173,25.17964355,982.9628244,clear sky,8.399558982,9.051436803
Karachi,10/11/2020,32.80318016,56.267291,1019.80695,clear sky,5.017202366,6.764912151
Karachi,10/12/2020,30.29900459,45.4541302,1009.328186,clear sky,3.730102261,4.2308123
Karachi,10/13/2020,39.0342143,34.58503946,991.349884,clear sky,8.624713109,6.290974833
Karachi,10/14/2020,34.38189939,31.07132847,1005.458389,shower rain,5.095240764,7.839189026
Karachi,10/15/2020,39.75335025,27.30326711,980.4730875,clear sky,11.34499229,9.437024011
Karachi,10/16/2020,29.5139161,44.37508042,1018.189176,thunderstorm,9.183118646,4.591686572
Karachi,10/17/2020,31.13438776,35.59250566,1009.319834,shower rain,6.183892046,7.120272448
Karachi,10/18/2020,39.98195572,22.40383083,981.8325297,clear sky,12.46665173,5.808692649
Karachi,10/19/2020,32.39793048,56.10911335,990.6285651,mist,4.02207257,3.984205507
Karachi,10/20/2020,42.72140281,38.78863254,981.0156728,clear sky,13.94966379,5.905980269
Karachi,10/21/2020,29.9374542,32.36420094,1008.281873,rain,4.068163168,3.438603875
Karachi,10/22/2020,32.44771172,40.47056138,1008.420462,clear sky,4.344708264,7.273390581
Karachi,10/23/2020,44.97696398,39.16571256,989.9933458,mist,6.064638036,7.894034491
Karachi,10/24/2020,35.92921764,21.66323466,986.1353164,shower rain,8.096795015,6.294780462
Karachi,10/25/2020,40.24745062,32.87282746,990.6348546,clear sky,10.52410447,9.243275164
Karachi,10/26/2020,31.92260878,59.16664113,1005.489055,shower rain,9.91595878,7.013233797
Karachi,10/27/2020,38.75789976,39.56447337,980.3883112,few clouds,12.93368035,5.504757591
Karachi,10/28/2020,40.61769709,29.42446662,985.6493846,clear sky,8.804358029,8.220696869
Karachi,10/29/2020,34.03162617,34.88247323,991.5955602,scattered clouds,7.030922405,6.609168008
Karachi,10/30/2020,42.26235379,24.0416863,998.003095,clear sky,11.23308031,8.579136685
Karachi,10/31/2020,38.65468126,37.7920279,994.5044633,clear sky,13.22727221,8.615713539
Karachi,11/1/2020,35.22596815,38.23366009,999.9223034,shower rain,12.36451785,5.847288928
Karachi,11/2/2020,37.92227829,32.15759288,986.0434253,broken clouds,10.69291127,6.575432271
Karachi,11/3/2020,38.22817356,35.32352799,997.569717,few clouds,11.69183027,9.220892543
Karachi,11/4/2020,31.64856468,52.19793754,1008.091628,broken clouds,8.221423277,7.491958751
Karachi,11/5/2020,35.44371792,33.23643196,989.0625081,clear sky,6.331440591,6.395944433
Karachi,11/6/2020,34.49488941,54.81830865,996.6771933,clear sky,4.403188229,3.115097581
Karachi,11/7/2020,35.41444356,33.70813246,994.7678433,shower rain,11.88584289,9.298834736
Karachi,11/8/2020,41.17776942,30.68004611,998.082815,rain,13.50425562,6.885459189
Karachi,11/9/2020,36.72061452,24.73912725,984.706168,clear sky,9.092622827,6.64731778
Karachi,11/10/2020,44.04505845,34.87776288,983.5078067,rain,14.79890322,6.734998398
Karachi,11/11/2020,33.69882261,44.20313604,1010.886657,clear sky,4.512502129,5.07848212
Karachi,11/12/2020,35.65125725,25.89583368,999.5394633,clear sky,9.16699282,6.891333108
Karachi,11/13/2020,41.59130897,36.03892551,994.999102,clear sky,8.785230435,7.832154496
Karachi,11/14/2020,37.73639349,33.93427201,985.6916148,rain,14.30295941,5.394701392
Karachi,11/15/2020,37.75245034,38.74679126,988.3991085,clear sky,7.853785176,9.857700972
Karachi,11/16/2020,29.85344261,34.9632492,1001.529529,shower rain,6.295535446,7.682255172
Karachi,11/17/2020,35.3775946,32.98378569,997.0419004,thunderstorm,6.872338396,9.672033233
Karachi,11/18/2020,33.33173972,37.32718404,1013.141123,clear sky,6.64886367,7.39638812
Karachi,11/19/2020,44.98936197,38.07165971,991.7795087,clear sky,13.57404169,8.301631511
Karachi,11/20/2020,33.93368113,32.98498243,998.2487733,thunderstorm,5.128276233,4.105542814
Karachi,11/21/2020,43.15194456,33.12323613,998.7597706,clear sky,13.10792072,5.247417436
Karachi,11/22/2020,39.81973976,35.82171443,993.0663045,clear sky,14.11311582,5.496605324
Karachi,11/23/2020,34.45466255,40.64753521,1019.114299,rain,3.510705228,4.619962502
Karachi,11/24/2020,37.69655005,39.08276159,991.6023407,clear sky,12.56424536,7.519415127
Karachi,11/25/2020,42.44857408,37.01461369,996.4238552,clear sky,7.553434362,9.966265356
Karachi,11/26/2020,43.13389277,25.89236599,996.2621076,broken clouds,6.753276625,7.177217459
Karachi,11/27/2020,31.566302,30.22623278,1000.119863,clear sky,7.207856744,5.623230452
Karachi,11/28/2020,34.43317026,38.89971528,1018.920622,scattered clouds,7.939218314,6.475786236
Karachi,11/29/2020,34.36357088,38.43931411,990.658244,clear sky,5.7633269,3.903669852
Karachi,11/30/2020,29.67271674,56.69893823,1013.061327,scattered clouds,3.27421595,7.664135008
Karachi,12/1/2020,22.17004192,88.68484713,1038.622283,clear sky,6.360931669,3.645173029
Karachi,12/2/2020,26.5319409,32.11319958,1000.167246,shower rain,8.115228418,4.381281728
Karachi,12/3/2020,18.48676459,68.85179314,1025.924424,shower rain,1.901667647,5.675544932
Karachi,12/4/2020,24.58061106,71.93327994,1022.48893,few clouds,3.47804699,4.127253093
Karachi,12/5/2020,22.67090703,53.71646645,1030.460292,few clouds,0.19454953,3.418448656
Karachi,12/6/2020,18.3860285,65.09990837,1034.647117,scattered clouds,2.374979473,3.90077955
Karachi,12/7/2020,14.39801659,62.6832967,1024.121783,clear sky,3.657746649,4.741511095
Karachi,12/8/2020,24.0585055,71.44225417,1032.636183,scattered clouds,3.620565306,1.772690018
Karachi,12/9/2020,26.52760787,49.83572699,999.3685673,broken clouds,4.457294146,7.324152154
Karachi,12/10/2020,23.65952637,78.13940442,1009.143482,clear sky,5.437231563,5.797534051
Karachi,12/11/2020,12.30393423,55.47020094,1017.226708,clear sky,2.09203511,3.834998259
Karachi,12/12/2020,15.6759592,82.51790808,1027.109464,thunderstorm,4.062870162,4.411354234
Karachi,12/13/2020,13.18115974,77.14168119,1007.489878,mist,1.900655579,5.299167404
Karachi,12/14/2020,21.69656369,85.56299667,1027.214088,few clouds,2.976175111,2.874053157
Karachi,12/15/2020,24.86012054,67.97344238,1015.763746,shower rain,1.452602377,5.964158974
Karachi,12/16/2020,13.87984618,85.75559051,1031.823011,shower rain,4.431054548,4.402506847
Karachi,12/17/2020,26.25174295,55.97322367,991.1050745,few clouds,5.979090521,5.119993492
Karachi,12/18/2020,21.44365263,67.53637329,1026.719306,shower rain,0.112821131,4.386689875
Karachi,12/19/2020,23.72947321,65.24573261,1025.992893,rain,0.197154958,3.608400163
Karachi,12/20/2020,28.51383143,57.98436045,1018.228064,rain,6.297940229,3.558207858
Karachi,12/21/2020,13.4225768,78.60658938,1028.534702,thunderstorm,1.282581068,4.979326524
Karachi,12/22/2020,27.32080839,57.84736039,1013.889057,clear sky,7.095294337,5.821877901
Karachi,12/23/2020,14.14374583,81.87899116,1036.183641,clear sky,2.857342472,4.979227789
Karachi,12/24/2020,18.68029971,74.37189757,1027.002077,shower rain,4.580938849,1.774559702
Karachi,12/25/2020,26.47445784,33.47558331,998.704609,scattered clouds,9.666766218,5.691785784
Karachi,12/26/2020,27.40632202,38.74442018,1016.093214,rain,6.701152944,6.833121361
Karachi,12/27/2020,20.60831845,88.75369628,1029.903125,mist,5.511650225,5.941522838
Karachi,12/28/2020,22.09977885,62.77688395,1016.977504,few clouds,5.271286974,5.421986382
Karachi,12/29/2020,24.03850469,53.73019479,1028.421167,shower rain,6.45253773,5.321748135
Karachi,12/30/2020,26.15689736,51.22660068,1016.030666,mist,4.498125071,4.237300691
Karachi,12/31/2020,14.06568988,79.36017018,1039.026085,thunderstorm,5.791288795,5.189923009
Karachi,1/1/2021,25.77117824,38.56373161,1018.570545,thunderstorm,9.33864265,3.846406388
Karachi,1/2/2021,20.18169456,61.90687917,1013.013113,shower rain,2.749340867,1.990538323
Karachi,1/3/2021,19.66059823,68.75571942,1016.867749,thunderstorm,2.196713362,1.550583719
Karachi,1/4/2021,19.20629578,50.87155799,1004.381464,few clouds,6.664251368,5.287982654
Karachi,1/5/2021,20.65659695,81.57292041,1009.901771,rain,4.393429755,1.541272482
Karachi,1/6/2021,28.06585941,39.51266362,1016.472636,clear sky,5.664735397,3.690557399
Karachi,1/7/2021,21.31946414,84.15052408,1014.433997,mist,5.542794047,2.22943575
Karachi,1/8/2021,28.20401815,54.07891265,1008.61658,scattered clouds,5.131317311,5.863312046
Karachi,1/9/2021,15.06493222,76.45608132,1026.638625,clear sky,1.234853102,5.400900927
Karachi,1/10/2021,24.31031164,62.99499468,1031.273171,rain,3.807787451,3.091140776
Karachi,1/11/2021,25.80807216,45.48949685,995.4840009,clear sky,6.963484314,5.731429746
Karachi,1/12/2021,23.54519013,67.7931703,1012.192525,thunderstorm,5.780225376,1.832447
Karachi,1/13/2021,22.31767876,63.55527545,1017.933454,scattered clouds,3.199191485,2.329729279
Karachi,1/14/2021,21.60181728,83.92545157,1014.593642,mist,5.702105777,1.669628812
Karachi,1/15/2021,26.6358182,44.50521224,1019.487157,shower rain,5.179258755,5.049594224
Karachi,1/16/2021,25.96799215,54.98169293,1015.048224,shower rain,7.027577415,5.951678293
Karachi,1/17/2021,14.07890826,54.20873897,1019.18747,few clouds,1.459309452,2.42009765
Karachi,1/18/2021,26.42599017,34.23074366,1016.378059,scattered clouds,5.698121656,7.229979278
Karachi,1/19/2021,19.03916653,89.0928122,1013.906118,few clouds,6.002777885,5.906191755
Karachi,1/20/2021,16.31284611,73.5107385,1031.433133,broken clouds,1.511917354,1.600774262
Karachi,1/21/2021,26.78606566,45.2930902,996.7102679,clear sky,8.67167624,3.08930028
Karachi,1/22/2021,19.34442159,70.92624253,1030.892882,broken clouds,1.980101605,4.948884537
Karachi,1/23/2021,25.74219973,36.45806322,1003.693602,shower rain,3.241428038,3.953213389
Karachi,1/24/2021,16.4778614,78.74815798,1004.299973,clear sky,0.76954199,2.765732963
Karachi,1/25/2021,12.06679846,53.39122495,1010.930498,few clouds,5.221156817,2.971156091
Karachi,1/26/2021,20.42280628,72.93294852,1016.090985,rain,1.834496486,5.582996945
Karachi,1/27/2021,13.70388036,72.83075186,1029.971716,mist,4.579019146,4.294191079
Karachi,1/28/2021,24.82439124,86.56753697,1002.919309,clear sky,4.894392319,1.203047452
Karachi,1/29/2021,16.69327731,71.0473124,1026.38188,mist,2.415829251,1.074051204
Karachi,1/30/2021,19.54197599,55.48250784,1028.640546,rain,3.32443291,1.997840488
Karachi,1/31/2021,13.47957061,72.91013037,1026.156855,broken clouds,2.826369633,2.590859704
Karachi,2/1/2021,16.87320722,53.65310577,1030.426786,rain,6.631442974,3.42261917
Karachi,2/2/2021,25.28533414,36.11381506,995.3450585,shower rain,5.239642036,7.189197062
Karachi,2/3/2021,14.5769945,51.24434337,1023.484134,clear sky,1.283261296,2.57408878
Karachi,2/4/2021,23.00171254,70.5317433,1037.645798,mist,2.5591499,2.882686096
Karachi,2/5/2021,27.5962395,32.53597846,1008.323528,mist,7.686609953,4.64668965
Karachi,2/6/2021,23.55722492,68.77577514,1024.453454,few clouds,4.881538833,1.04482668
Karachi,2/7/2021,25.78736872,57.98835106,1012.093189,clear sky,9.468401208,7.776007696
Karachi,2/8/2021,13.8525177,78.79045652,1013.328169,few clouds,6.172281394,1.694979421
Karachi,2/9/2021,16.26244104,53.09646697,1028.019036,scattered clouds,2.018243643,2.438337391
Karachi,2/10/2021,27.20716049,36.72629437,1017.487015,scattered clouds,6.186142743,3.64651651
Karachi,2/11/2021,24.15679543,76.9464968,1000.435819,mist,5.230882917,3.452715781
Karachi,2/12/2021,22.87241505,85.78807444,1034.804522,scattered clouds,6.415760964,5.660830575
Karachi,2/13/2021,23.28403451,51.31674347,1008.744733,broken clouds,2.36015509,1.503503588
Karachi,2/14/2021,19.04140942,82.49804527,1018.236931,clear sky,3.111090039,3.204484618
Karachi,2/15/2021,12.75746274,72.47255521,1034.093912,mist,6.296347893,1.111874229
Karachi,2/16/2021,25.33550622,46.38273976,1014.717364,mist,5.509387112,6.854491107
Karachi,2/17/2021,23.53812502,88.31252731,1035.677099,scattered clouds,3.363590903,4.206130718
Karachi,2/18/2021,20.03767589,79.9057845,1037.616672,mist,6.331528989,4.498493319
Karachi,2/19/2021,27.29591346,55.50356604,1003.414709,few clouds,8.615702526,5.361681804
Karachi,2/20/2021,17.7147143,64.15982278,1026.254552,thunderstorm,1.704016475,5.538165148
Karachi,2/21/2021,17.00346965,72.17456163,1015.619138,rain,2.273565458,3.047787254
Karachi,2/22/2021,26.83753753,48.46217032,1000.521502,few clouds,5.470711092,5.570425374
Karachi,2/23/2021,25.54879013,39.64751821,1002.947862,shower rain,9.389169314,6.476446111
Karachi,2/24/2021,20.75465678,72.809925,1029.723045,broken clouds,6.99253616,3.602803205
Karachi,2/25/2021,14.22249057,59.46621518,1020.05763,broken clouds,5.418030115,1.94667824
Karachi,2/26/2021,15.65621501,55.73502684,1032.562387,scattered clouds,3.390284117,2.58535309
Karachi,2/27/2021,23.15587584,64.95881037,1029.808739,clear sky,0.071216726,1.461472341
Karachi,2/28/2021,18.54570104,79.57158515,1000.819138,shower rain,4.882416396,3.163067486
Karachi,3/1/2021,42.38357107,38.32374296,992.6047631,rain,8.893611645,8.046960465
Karachi,3/2/2021,44.19928015,29.15428103,988.7314225,few clouds,11.3298647,5.592649721
Karachi,3/3/2021,41.8901908,32.85647377,989.1325798,scattered clouds,11.06693963,8.152935607
Karachi,3/4/2021,35.04072677,22.06074262,996.3674611,shower rain,9.808320566,9.464360699
Karachi,3/5/2021,41.61898287,38.08927517,990.9521597,few clouds,14.44387398,6.688618665
Karachi,3/6/2021,34.62306678,47.05812641,1016.568655,thunderstorm,3.162024417,4.110165481
Karachi,3/7/2021,31.6736014,53.41014743,1011.384168,rain,7.984927391,7.465030319
Karachi,3/8/2021,29.53429128,53.83323603,1006.5852,shower rain,5.868879078,6.459726179
Karachi,3/9/2021,35.1714674,25.12961053,995.0907595,few clouds,12.1379045,5.52697434
Karachi,3/10/2021,43.45694886,30.58348906,980.766981,mist,11.75219648,7.04055976
Karachi,3/11/2021,32.8237854,58.81439255,990.8125096,clear sky,3.071666018,6.370447999
Karachi,3/12/2021,32.30421064,32.68903634,992.5004798,shower rain,4.997369466,5.871919375
Karachi,3/13/2021,44.51713256,33.66099796,988.7513065,clear sky,6.890915205,8.092735597
Karachi,3/14/2021,29.40006581,58.86792234,997.0635044,clear sky,4.168904471,5.83567587
Karachi,3/15/2021,41.57251441,26.01154216,999.6852259,broken clouds,12.28476684,8.990306827
Karachi,3/16/2021,34.14191929,55.84343764,1006.268704,clear sky,4.676859444,4.602134784
Karachi,3/17/2021,29.59980731,58.00972636,1009.872472,clear sky,6.323163305,6.542311739
Karachi,3/18/2021,43.68484064,34.94172419,985.5764027,broken clouds,7.469889953,9.955397212
Karachi,3/19/2021,31.23427728,36.93984937,999.6539073,rain,7.061636764,4.949794289
Karachi,3/20/2021,37.82846854,26.68001438,986.7092383,clear sky,12.20573768,8.955241573
Karachi,3/21/2021,33.38486732,31.07427883,1010.962071,clear sky,5.317523171,4.230546186
Karachi,3/22/2021,30.04308483,54.94359703,1004.211186,rain,7.221145938,4.409483561
Karachi,3/23/2021,29.79875977,55.4883356,1005.53051,few clouds,8.773983421,7.674319371
Karachi,3/24/2021,30.84890718,48.9813093,1007.760089,mist,3.659569996,3.129691781
Karachi,3/25/2021,30.14187222,40.57583554,1013.06435,few clouds,7.974694193,4.087136724
Karachi,3/26/2021,41.16892985,21.53622055,981.807395,few clouds,8.231449444,7.414603489
Karachi,3/27/2021,36.76905924,35.0611522,995.5374782,clear sky,6.226499565,7.009238109
Karachi,3/28/2021,34.48627346,51.79578581,1006.897052,rain,6.819579453,6.145848656
Karachi,3/29/2021,35.69390256,38.25205043,993.3819089,shower rain,7.262623193,5.963610252
Karachi,3/30/2021,43.86314777,34.61064042,986.5510353,scattered clouds,13.21361793,5.352735022
Karachi,3/31/2021,43.572029,36.57389884,988.1877367,broken clouds,5.428959095,6.846666989
Karachi,4/1/2021,40.45082368,34.91909236,984.6233164,broken clouds,5.986528963,7.621776211
Karachi,4/2/2021,43.15491804,32.61374377,999.5859999,mist,10.20996126,7.810009185
Karachi,4/3/2021,34.11436844,42.80899183,1004.910089,thunderstorm,7.122592489,6.007467618
Karachi,4/4/2021,35.09774922,38.04234617,999.9215383,broken clouds,12.29886665,7.743309979
Karachi,4/5/2021,38.81939491,33.01937144,989.7957196,clear sky,7.592607283,6.228759855
Karachi,4/6/2021,38.97801516,27.96710644,984.3950253,scattered clouds,13.41760408,8.82274868
Karachi,4/7/2021,36.70719741,21.6693859,990.1490479,rain,14.5314234,5.438901309
Karachi,4/8/2021,35.41052558,25.81409712,980.7919114,scattered clouds,9.990393036,5.991769398
Karachi,4/9/2021,44.77888499,30.8745347,998.095396,mist,12.60531365,8.696890045
Karachi,4/10/2021,42.13797802,25.5127074,996.371005,few clouds,10.24848355,6.398630671
Karachi,4/11/2021,35.95968317,24.42470696,994.5164104,broken clouds,5.694670294,7.467367208
Karachi,4/12/2021,40.63667964,30.54787028,992.1965343,clear sky,8.261115128,6.635988704
Karachi,4/13/2021,33.31298709,35.09461038,1007.395027,scattered clouds,3.612406827,5.534906058
Karachi,4/14/2021,30.60270922,54.0123019,1019.901846,thunderstorm,9.922153835,4.733279
Karachi,4/15/2021,34.63889641,44.53104454,998.339923,thunderstorm,4.603181385,7.97103995
Karachi,4/16/2021,35.4475648,31.47725548,995.5936873,shower rain,11.35900419,6.787387947
Karachi,4/17/2021,29.26459399,34.42149803,1007.442143,mist,4.990415714,6.135247087
Karachi,4/18/2021,42.03667203,26.49152671,999.5176109,scattered clouds,11.53246215,9.441716088
Karachi,4/19/2021,34.74709444,42.3026905,1014.834095,mist,4.472811836,6.189674972
Karachi,4/20/2021,38.28669065,36.16425661,999.9705023,scattered clouds,12.85270066,7.829286276
Karachi,4/21/2021,30.183411,53.10478569,1007.64975,thunderstorm,3.77568122,5.846147274
Karachi,4/22/2021,31.79994926,36.68932424,996.1363187,scattered clouds,9.266052801,5.482303555
Karachi,4/23/2021,43.23509961,32.32358163,990.0737407,mist,13.40421693,9.037902007
Karachi,4/24/2021,38.73900045,24.86912716,994.2222227,scattered clouds,11.78807344,5.252120392
Karachi,4/25/2021,44.2045448,39.76494311,995.4872077,mist,5.674146271,9.42564954
Karachi,4/26/2021,44.98000055,39.04247756,980.0101998,clear sky,7.085690283,7.931461101
Karachi,4/27/2021,34.94976185,46.89794162,1005.150813,shower rain,9.01553117,7.244366106
Karachi,4/28/2021,33.78084903,50.96707716,997.0570374,shower rain,3.85382104,3.051963513
Karachi,4/29/2021,42.73369688,36.02860764,997.4982367,mist,6.559320963,9.34638202
Karachi,4/30/2021,44.97778283,34.4199684,983.0581089,few clouds,10.44003324,5.600687596
Karachi,5/1/2021,39.07425975,33.99657382,993.329125,few clouds,7.741774397,8.606090032
Karachi,5/2/2021,41.72225156,39.17108016,985.3212438,rain,7.220756999,7.082606964
Karachi,5/3/2021,41.50793374,31.92912213,987.1308429,rain,10.75813432,8.405361955
Karachi,5/4/2021,34.68543533,49.08908015,1018.216778,shower rain,5.608036735,6.140948688
Karachi,5/5/2021,38.18832608,36.98537501,984.8089625,scattered clouds,6.405598968,5.816982735
Karachi,5/6/2021,42.32891106,33.39781736,981.9000552,broken clouds,10.34853768,7.573068822
Karachi,5/7/2021,40.00982202,34.65865244,981.385698,clear sky,8.870124033,6.386152366
Karachi,5/8/2021,29.33862102,37.02506059,1005.138453,few clouds,8.14161742,5.802184214
Karachi,5/9/2021,34.3872907,41.13800772,1009.251344,rain,3.719288096,6.690016415
Karachi,5/10/2021,31.31161115,34.41904037,999.8188093,clear sky,7.344292708,3.406292073
Karachi,5/11/2021,32.72755539,45.17296327,1010.707792,shower rain,6.055453289,5.578812118
Karachi,5/12/2021,43.48783164,29.11454801,981.2206744,few clouds,9.060618751,8.088149104
Karachi,5/13/2021,29.59029262,59.91488443,1015.720039,shower rain,4.626013816,4.476837268
Karachi,5/14/2021,32.51681139,48.33625958,1014.497016,few clouds,3.212982197,7.765017414
Karachi,5/15/2021,33.95310964,53.5933447,1019.564888,few clouds,8.933824361,5.601514128
Karachi,5/16/2021,38.87014515,26.68029342,998.7300996,broken clouds,8.26410086,5.912585449
Karachi,5/17/2021,37.54562704,36.63090663,987.1239433,mist,11.8109104,5.538941309
Karachi,5/18/2021,32.49231173,48.45254899,1001.978262,mist,9.633111798,5.708297746
Karachi,5/19/2021,31.62785708,50.90976995,1012.378945,shower rain,6.954932087,4.876191906
Karachi,5/20/2021,32.78876855,38.83292334,994.0224832,shower rain,5.780028318,3.962735489
Karachi,5/21/2021,37.04047403,30.97276783,986.2802942,mist,7.682735663,5.153492434
Karachi,5/22/2021,33.33884457,49.0211092,993.5562281,broken clouds,9.538306549,5.8330004
Karachi,5/23/2021,44.16164003,31.78189352,989.097729,few clouds,11.82076818,7.993001184
Karachi,5/24/2021,36.42184354,38.30387423,991.0400856,rain,11.65281393,5.709013006
Karachi,5/25/2021,29.94073626,56.94817993,996.3348141,broken clouds,5.983108276,6.008690249
Karachi,5/26/2021,40.66826249,39.41968116,980.5326337,few clouds,13.45048713,9.759863774
Karachi,5/27/2021,34.26152461,50.02284018,1011.580675,clear sky,7.995705309,7.89147805
Karachi,5/28/2021,39.45582291,39.4382826,980.4001033,clear sky,7.831832718,9.442464683
Karachi,5/29/2021,33.47350993,54.97434,1019.202078,scattered clouds,7.19705062,7.035392904
Karachi,5/30/2021,38.13189987,25.41664281,984.4321451,broken clouds,9.301939546,6.046839184
Karachi,5/31/2021,41.35444008,28.54871339,993.2780018,rain,5.065901628,5.782175912
Karachi,6/1/2021,43.84813987,24.76784884,988.6950345,clear sky,13.07623432,7.224738011
Karachi,6/2/2021,33.17803431,30.12591482,991.7902158,broken clouds,3.859812442,6.098158757
Karachi,6/3/2021,34.35771122,35.64146259,1004.165508,clear sky,6.569681542,7.25339342
Karachi,6/4/2021,36.42826272,20.08121173,990.3352127,few clouds,8.362261931,6.159815206
Karachi,6/5/2021,43.8347974,34.39676923,997.0936642,few clouds,8.420890412,7.398239503
Karachi,6/6/2021,43.42218971,28.51068595,994.6469814,rain,9.773648834,8.23720121
Karachi,6/7/2021,30.43805248,39.37724181,992.3790742,rain,9.979161728,5.227969273
Karachi,6/8/2021,31.11087721,52.85162673,996.2748805,mist,5.858657764,5.270968385
Karachi,6/9/2021,36.92814684,36.64973549,986.2377537,clear sky,6.823292298,6.125585805
Karachi,6/10/2021,30.70590836,59.25898616,993.4922306,clear sky,7.295244366,7.933304525
Karachi,6/11/2021,34.52929397,49.26040754,1003.706972,mist,4.654013956,5.375966417
Karachi,6/12/2021,31.37416605,43.84586876,1019.529276,scattered clouds,3.738843957,5.663709727
Karachi,6/13/2021,39.17664568,26.10528603,990.2922558,clear sky,5.501741721,6.092796456
Karachi,6/14/2021,44.19192691,24.44636418,994.8376434,clear sky,5.22881274,7.570683592
Karachi,6/15/2021,44.94774032,24.25851901,993.658756,scattered clouds,9.311646483,6.276747793
Karachi,6/16/2021,35.00385812,28.18378749,996.9982287,clear sky,9.267257799,6.011681257
Karachi,6/17/2021,38.58420219,39.83572711,984.3144698,clear sky,6.855454001,6.378611255
Karachi,6/18/2021,42.70028246,20.01707395,995.0765252,clear sky,12.84019054,5.013798243
Karachi,6/19/2021,30.87939316,35.91617692,1016.440657,scattered clouds,3.904894395,5.85075556
Karachi,6/20/2021,40.03303058,23.76785965,983.4301965,mist,14.15317193,6.937400028
Karachi,6/21/2021,35.54149859,34.34238971,986.9360444,clear sky,10.87575978,9.493445096
Karachi,6/22/2021,32.29833856,40.57454183,1019.103053,scattered clouds,3.193314633,3.203535868
Karachi,6/23/2021,35.4440579,29.14521609,995.6157569,broken clouds,14.62972626,5.216001504
Karachi,6/24/2021,30.21536459,34.45872391,998.477725,few clouds,5.155588817,7.429367587
Karachi,6/25/2021,40.12651438,28.09994078,991.2788354,clear sky,9.499749596,5.633223211
Karachi,6/26/2021,33.0438827,33.09599436,1002.129784,shower rain,4.989880851,3.010800521
Karachi,6/27/2021,33.98249032,45.99129864,1004.698955,mist,8.098949086,3.894569319
Karachi,6/28/2021,30.93730077,32.93815096,1000.654986,rain,6.399761545,7.119380875
Karachi,6/29/2021,42.83454582,35.81016762,985.5866204,mist,6.323729594,9.013570414
Karachi,6/30/2021,36.89510847,31.33203435,993.4952608,broken clouds,6.042039524,6.700661054
Karachi,7/1/2021,38.15435004,34.47935748,995.5708363,clear sky,12.25375413,8.340154586
Karachi,7/2/2021,38.11092293,28.37032773,997.4791425,clear sky,7.370814049,7.536248537
Karachi,7/3/2021,35.56788983,27.62982586,983.1065993,clear sky,6.377933746,9.523674949
Karachi,7/4/2021,32.08047865,32.94626667,1014.685666,broken clouds,6.495993179,3.282117377
Karachi,7/5/2021,40.92212398,30.47711214,985.0960165,clear sky,13.02765288,9.065895644
Karachi,7/6/2021,31.03290025,45.43506495,1002.820092,few clouds,4.951479221,3.852993347
Karachi,7/7/2021,30.66198064,44.04306133,1017.043311,shower rain,4.935021282,4.958104487
Karachi,7/8/2021,40.3623206,34.81036729,989.090072,clear sky,13.3388126,5.959785757
Karachi,7/9/2021,32.34139233,54.975132,995.911906,broken clouds,4.034836562,6.513072048
Karachi,7/10/2021,33.90836402,52.52369025,994.7960597,mist,7.317093143,6.391630899
Karachi,7/11/2021,36.60363947,22.87731486,989.4596753,few clouds,14.55013483,7.739488008
Karachi,7/12/2021,36.18962107,32.44119019,995.2534485,scattered clouds,13.4130315,8.490815184
Karachi,7/13/2021,40.337266,21.60646211,999.9441029,clear sky,5.618152338,8.197823903
Karachi,7/14/2021,38.9749087,33.89244575,995.7481726,scattered clouds,8.199108766,8.882210278
Karachi,7/15/2021,39.3103386,27.63678193,997.5402392,rain,6.423744656,6.197033256
Karachi,7/16/2021,40.42486929,22.64997913,994.9566472,scattered clouds,14.49240638,7.144563075
Karachi,7/17/2021,33.68180364,55.86152571,1016.863053,shower rain,9.901590964,3.758132647
Karachi,7/18/2021,34.15733299,48.42025017,992.2888063,thunderstorm,4.644951144,5.147967821
Karachi,7/19/2021,36.00796397,27.09449936,998.598632,clear sky,11.69699045,8.508458757
Karachi,7/20/2021,33.91939477,30.92181539,1001.892185,clear sky,8.891422124,6.456955804
Karachi,7/21/2021,44.7590059,30.74620518,998.4322845,clear sky,7.336802844,8.547134516
Karachi,7/22/2021,42.02483082,38.46451757,981.5146567,clear sky,6.876806343,6.543837643
Karachi,7/23/2021,31.63447501,47.89139498,1011.457289,scattered clouds,3.078477163,6.311069869
Karachi,7/24/2021,29.08950649,59.14951814,1012.070662,clear sky,5.883737199,4.837331598
Karachi,7/25/2021,29.68453229,34.09353355,1019.907327,clear sky,9.296062237,7.722460231
Karachi,7/26/2021,32.90501522,47.04915314,1013.065658,mist,9.320857543,4.716831829
Karachi,7/27/2021,30.82866057,53.94375144,1001.477211,scattered clouds,3.894201893,6.01509117
Karachi,7/28/2021,37.53340984,30.51081462,991.144971,few clouds,7.043524805,8.750728571
Karachi,7/29/2021,42.72792356,21.82132712,987.3310188,mist,9.080473309,9.532037145
Karachi,7/30/2021,40.78800353,31.65772003,983.9203729,clear sky,12.80624545,7.189643017
Karachi,7/31/2021,32.44974501,48.35213718,997.4550698,thunderstorm,7.282960385,4.802425541
Karachi,8/1/2021,35.3887881,34.57418497,984.4402107,few clouds,10.13849744,7.150140877
Karachi,8/2/2021,37.12630735,35.2242303,990.9763066,clear sky,10.91931884,6.618481758
Karachi,8/3/2021,41.96329359,35.41545376,998.1232127,clear sky,5.961996938,8.26962245
Karachi,8/4/2021,42.42594565,33.26888787,998.2545325,scattered clouds,9.776636423,9.66358382
Karachi,8/5/2021,43.55549299,24.31622373,981.0952756,few clouds,14.9206329,5.630355032
Karachi,8/6/2021,37.14792401,28.08471512,981.597988,clear sky,5.884461469,7.804610324
Karachi,8/7/2021,40.10839594,35.52259945,984.9023811,clear sky,10.19246678,9.488243627
Karachi,8/8/2021,30.78880594,58.6028095,997.6517836,clear sky,5.069544832,3.500572723
Karachi,8/9/2021,38.04462336,21.5789393,981.8977835,clear sky,10.39913297,7.469327054
Karachi,8/10/2021,32.97906895,46.06610033,1001.6539,scattered clouds,7.01673132,7.326147979
Karachi,8/11/2021,35.90747016,26.25044543,991.7545079,clear sky,10.77472898,9.502261059
Karachi,8/12/2021,39.14480813,24.50787789,991.563244,clear sky,13.52208785,7.571760806
Karachi,8/13/2021,33.11177501,45.17432051,1006.30289,clear sky,5.728231903,3.124759422
Karachi,8/14/2021,29.83496092,48.18268022,1000.160158,few clouds,6.614479139,3.528195892
Karachi,8/15/2021,29.1637417,30.29316694,1011.193671,clear sky,3.076498793,5.933583726
Karachi,8/16/2021,29.35455257,53.40619717,1014.794518,clear sky,8.526854211,3.619293032
Karachi,8/17/2021,29.1335958,54.59646394,1000.388228,mist,4.816413952,3.747088885
Karachi,8/18/2021,30.7656809,58.96532474,992.5660608,shower rain,8.715885168,6.860585489
Karachi,8/19/2021,32.83181943,35.419312,998.8899075,broken clouds,4.859470665,6.753460293
Karachi,8/20/2021,32.53954423,47.83657687,994.1210596,thunderstorm,3.075519474,7.213863797
Karachi,8/21/2021,44.78874551,28.53250747,989.3471745,rain,6.548313182,5.528675683
Karachi,8/22/2021,33.89609768,40.04483555,994.6780545,scattered clouds,9.899780318,3.990724405
Karachi,8/23/2021,31.03873253,46.96900354,1003.885343,thunderstorm,5.238608722,7.164807149
Karachi,8/24/2021,37.72900071,35.64766186,984.4200578,clear sky,6.08823902,8.605438043
Karachi,8/25/2021,42.72731929,20.46105567,994.7746221,mist,6.187588036,9.029780639
Karachi,8/26/2021,39.84896603,39.38800225,980.5513648,clear sky,8.103427141,9.948728375
Karachi,8/27/2021,33.73731343,54.29644757,1006.642389,shower rain,3.263515288,7.322158031
Karachi,8/28/2021,37.98585856,35.02307407,983.3897655,clear sky,10.11488588,7.602316254
Karachi,8/29/2021,40.43769559,35.20774764,980.0198373,clear sky,7.137409155,6.553840924
Karachi,8/30/2021,40.64967188,27.78121419,997.3840018,mist,10.19310641,7.848382933
Karachi,8/31/2021,39.66461528,35.03241102,993.4305558,scattered clouds,6.407642187,8.192932751
Karachi,9/1/2021,42.9329668,27.73540417,981.9788564,clear sky,9.29857229,6.676560706
Karachi,9/2/2021,42.92168733,37.97413659,993.2814474,clear sky,10.97916858,8.854685187
Karachi,9/3/2021,38.26298495,23.54444767,992.2329467,clear sky,5.619999383,5.463768963
Karachi,9/4/2021,35.87770191,25.84694848,989.4671337,broken clouds,8.987493093,8.896964253
Karachi,9/5/2021,39.26512473,31.02675085,988.385162,few clouds,8.02523821,5.159992593
Karachi,9/6/2021,42.09139202,26.38422072,997.7413953,few clouds,7.403598165,7.489830304
Karachi,9/7/2021,29.09043368,42.72711736,997.3544406,rain,7.231742383,7.307182317
Karachi,9/8/2021,44.87195214,29.84845379,987.9662011,clear sky,10.88541986,5.43247637
Karachi,9/9/2021,31.92630036,55.69060046,999.8734624,thunderstorm,7.414898647,5.588694682
Karachi,9/10/2021,36.52398377,30.46384507,995.4240206,clear sky,6.588826704,5.796957195
Karachi,9/11/2021,42.95247576,27.24919697,998.3293061,rain,7.857092449,9.47407875
Karachi,9/12/2021,32.60064638,37.43208492,1015.493451,few clouds,4.467751446,7.161727635
Karachi,9/13/2021,36.62872358,28.17351958,995.9540786,clear sky,10.40503605,9.669586216
Karachi,9/14/2021,31.12131488,45.47208313,1019.603698,thunderstorm,6.227459824,7.374911708
Karachi,9/15/2021,35.32122121,34.92229714,993.942891,rain,8.302937376,8.682766549
Karachi,9/16/2021,31.83416728,33.63146329,1012.531614,few clouds,8.502103662,3.924445978
Karachi,9/17/2021,34.81804398,36.64827565,1019.484076,mist,3.657816211,4.512513078
Karachi,9/18/2021,34.97542747,41.38962048,990.2097236,mist,9.824276821,5.484275792
Karachi,9/19/2021,44.89073263,27.2079681,992.6809675,clear sky,6.165440778,7.944483908
Karachi,9/20/2021,44.91700847,27.83496175,994.7794306,clear sky,12.73070813,8.910916977
Karachi,9/21/2021,30.83658046,53.80563794,1017.534812,shower rain,5.577611324,4.134798141
Karachi,9/22/2021,40.61550047,26.48308806,997.6768861,clear sky,13.65262229,5.641386971
Karachi,9/23/2021,29.82792767,45.05694541,1015.25882,clear sky,3.519189641,5.413050853
Karachi,9/24/2021,29.48307225,48.71721099,1018.373738,few clouds,5.623051971,3.789207054
Karachi,9/25/2021,30.68534231,36.96535651,1006.121376,clear sky,5.348103846,6.468684012
Karachi,9/26/2021,44.44777051,34.37390774,980.1384019,few clouds,14.93157038,7.87815445
Karachi,9/27/2021,44.05381677,30.94222639,980.221088,clear sky,14.85548995,8.705538985
Karachi,9/28/2021,32.10284512,43.40343489,1006.339172,clear sky,4.328627711,3.317182798
Karachi,9/29/2021,31.58675737,54.2935208,1003.058167,broken clouds,7.409628725,7.823487802
Karachi,9/30/2021,32.84856138,37.30485778,1003.537352,broken clouds,6.748635939,3.000027683
Karachi,10/1/2021,37.24875191,37.66351941,988.0080947,clear sky,6.543734912,6.627212075
Karachi,10/2/2021,38.11527411,31.22097471,998.3545162,few clouds,6.677797061,8.398173967
Karachi,10/3/2021,32.54549489,48.27524638,1000.775111,clear sky,9.924762099,3.225710369
Karachi,10/4/2021,41.10596461,37.50117928,997.1245388,mist,9.527299936,5.416747907
Karachi,10/5/2021,33.95285071,54.52748064,1017.085944,scattered clouds,3.880609044,3.383407186
Karachi,10/6/2021,43.75410121,32.03124138,989.9900354,broken clouds,7.147900387,7.907548634
Karachi,10/7/2021,39.5075633,35.06375408,988.9387607,clear sky,7.683480672,9.479626575
Karachi,10/8/2021,35.98161911,28.6663898,995.2204121,thunderstorm,10.10917263,7.777184889
Karachi,10/9/2021,41.63859203,30.94755507,994.1594302,broken clouds,8.355481295,8.017856761
Karachi,10/10/2021,42.08663402,21.24140273,986.5707023,few clouds,9.550117859,6.730008256
Karachi,10/11/2021,33.64770569,32.69573754,993.0764438,scattered clouds,4.165496858,3.093705793
Karachi,10/12/2021,34.4354327,54.88276213,997.945572,shower rain,5.287100834,3.108073589
Karachi,10/13/2021,43.97528246,21.19343311,982.6205701,clear sky,5.703165927,9.441549832
Karachi,10/14/2021,31.63585661,35.08197377,998.8419683,few clouds,9.227971914,3.512862194
Karachi,10/15/2021,29.67440667,53.87497977,997.854647,broken clouds,4.39126734,7.998946859
Karachi,10/16/2021,36.26488516,20.02291901,992.7542285,clear sky,12.56900135,5.822113058
Karachi,10/17/2021,41.8193584,25.64808658,999.0899206,few clouds,8.495517882,8.37317222
Karachi,10/18/2021,41.3466897,31.68077316,993.7148746,clear sky,9.743973189,9.744777361
Karachi,10/19/2021,43.71249006,31.90899863,998.5329882,few clouds,7.912610395,6.811446388
Karachi,10/20/2021,37.53121063,35.54305816,995.6826452,clear sky,11.96441271,8.672165944
Karachi,10/21/2021,30.60103475,45.17778763,1011.836329,clear sky,8.911824935,4.754283217
Karachi,10/22/2021,38.41902359,30.18803739,988.2812388,scattered clouds,7.862701847,6.524705284
Karachi,10/23/2021,41.45432983,34.50621151,986.4958901,mist,7.422176437,6.009020413
Karachi,10/24/2021,30.49324992,44.9587339,1015.388321,shower rain,7.770081858,7.104674534
Karachi,10/25/2021,31.76251842,48.2547326,1017.161797,shower rain,4.366071424,4.286935318
Karachi,10/26/2021,29.19665058,56.93322205,1003.556475,clear sky,7.478878359,4.415790815
Karachi,10/27/2021,38.49844127,28.02902015,980.181262,mist,5.944280797,9.994848711
Karachi,10/28/2021,43.18775027,27.70250142,995.8506212,scattered clouds,11.2013716,6.636552177
Karachi,10/29/2021,39.73061306,20.07097984,985.7013768,rain,10.13406734,7.113872444
Karachi,10/30/2021,44.7126414,32.26852523,980.1977573,mist,6.139057156,9.950277289
Karachi,10/31/2021,30.00853844,30.89315722,1014.149657,scattered clouds,7.543725444,4.846501727
Karachi,11/1/2021,43.44801736,30.08296979,990.3482838,mist,9.46557157,6.830760036
Karachi,11/2/2021,42.0250926,36.08467578,993.7042149,clear sky,7.171150508,9.138572331
Karachi,11/3/2021,34.02786433,46.49763212,1017.440695,clear sky,5.47368909,4.559651842
Karachi,11/4/2021,44.57642483,25.3927233,990.8234766,clear sky,9.921021056,6.168930518
Karachi,11/5/2021,33.60700397,53.58505264,1005.095822,few clouds,3.640879591,5.116051276
Karachi,11/6/2021,43.22887558,25.39434008,985.8132424,clear sky,14.57609483,8.503204003
Karachi,11/7/2021,43.09197723,34.66063562,986.1038767,broken clouds,11.65562156,5.216215125
Karachi,11/8/2021,41.12252187,32.2051691,995.9308413,mist,6.025349813,6.869580136
Karachi,11/9/2021,38.01552758,23.39992593,988.9805849,clear sky,13.22862184,6.73122451
Karachi,11/10/2021,30.92004399,57.15401625,994.9057863,rain,5.257884517,4.224091736
Karachi,11/11/2021,37.51154775,24.01287366,981.8905753,rain,10.96799537,8.27143668
Karachi,11/12/2021,34.70874009,59.68761222,1004.187604,mist,4.939999891,4.449950402
Karachi,11/13/2021,41.67547253,20.14620977,989.2991005,clear sky,12.33405945,8.033657795
Karachi,11/14/2021,41.1300673,25.26966754,993.0691656,rain,12.23008975,7.521684207
Karachi,11/15/2021,43.56980012,23.99720595,989.4213496,clear sky,10.52043457,6.085949354
Karachi,11/16/2021,29.2372826,30.41980231,994.3042711,broken clouds,4.686479147,4.332830285
Karachi,11/17/2021,41.94565147,34.647358,990.1560577,broken clouds,7.537038075,5.853000267
Karachi,11/18/2021,44.01539285,33.86851604,998.1357881,scattered clouds,8.828627967,5.283146074
Karachi,11/19/2021,41.62880719,35.84701929,983.1888282,scattered clouds,6.450121674,8.095942316
Karachi,11/20/2021,31.08311136,37.70095639,1010.692639,few clouds,5.363589992,6.36394347
Karachi,11/21/2021,30.30046568,43.33005501,1007.815778,mist,7.790482209,3.829999968
Karachi,11/22/2021,29.33352384,49.77340565,1012.457572,thunderstorm,8.81591696,6.076961923
Karachi,11/23/2021,39.05992361,28.79537008,983.0120055,few clouds,8.325822905,9.9104237
Karachi,11/24/2021,39.07476243,33.94651541,998.8321067,few clouds,7.335902583,5.372010475
Karachi,11/25/2021,44.79061943,32.67946817,992.4193286,broken clouds,13.32642578,7.451854362
Karachi,11/26/2021,35.36869079,22.29295606,996.9414228,few clouds,13.90704027,8.665191068
Karachi,11/27/2021,34.31050056,53.43129363,997.3982029,few clouds,5.870150663,3.230045989
Karachi,11/28/2021,38.99079883,34.41352718,994.7882578,clear sky,5.269041538,8.89136747
Karachi,11/29/2021,42.20973876,33.11668775,995.6206141,rain,11.94961621,9.897556185
Karachi,11/30/2021,43.98838319,23.10187213,987.9487054,clear sky,12.84033236,5.442439318
Karachi,12/1/2021,25.65311083,38.03989346,1001.518604,clear sky,3.126169772,7.111149527
Karachi,12/2/2021,19.25345767,65.72708126,1026.311851,mist,4.165215973,2.892907723
Karachi,12/3/2021,22.793542,61.19718487,1003.736307,shower rain,4.118581308,1.720581012
Karachi,12/4/2021,26.55708855,36.83430872,1012.068725,clear sky,5.650955361,5.465966046
Karachi,12/5/2021,20.3403647,82.21430681,1001.71547,broken clouds,5.248371281,1.357593679
Karachi,12/6/2021,15.68367294,75.52928985,1007.623612,broken clouds,2.997253267,3.610507041
Karachi,12/7/2021,14.88529848,72.61888526,1026.56575,rain,4.737431663,1.09678394
Karachi,12/8/2021,12.00268166,59.03810843,1003.932947,scattered clouds,3.619821132,4.643057208
Karachi,12/9/2021,24.21004591,86.72306249,1038.873684,rain,1.739252233,3.439848429
Karachi,12/10/2021,13.88865255,57.64732156,1034.735848,few clouds,4.245506041,3.294698305
Karachi,12/11/2021,16.14526469,81.79803731,1025.052093,thunderstorm,5.158359464,1.980957469
Karachi,12/12/2021,17.06389764,88.66690667,1032.762298,scattered clouds,6.817339714,2.806315779
Karachi,12/13/2021,21.52645762,79.08370917,1035.503202,shower rain,2.660762628,1.909347162
Karachi,12/14/2021,18.76527371,89.71435101,1010.379026,broken clouds,0.451307813,4.676950503
Karachi,12/15/2021,23.46945786,76.04204468,1033.976464,thunderstorm,6.915798549,1.995126497
Karachi,12/16/2021,12.94585721,58.69841374,1007.791751,scattered clouds,4.366646616,4.083766635
Karachi,12/17/2021,14.1069663,58.15277975,1016.533691,broken clouds,6.625153207,2.398037505
Karachi,12/18/2021,20.48659556,62.98257137,1022.330385,few clouds,0.726789602,4.28491098
Karachi,12/19/2021,17.72840139,50.28520081,1028.555639,broken clouds,2.394236879,3.702274795
Karachi,12/20/2021,17.02882717,77.2679388,1001.205653,rain,0.937556892,3.117193158
Karachi,12/21/2021,13.13947734,60.74671139,1011.620377,scattered clouds,5.848571082,4.365004167
Karachi,12/22/2021,27.22722597,54.45549697,1008.255573,rain,9.16239919,5.078610358
Karachi,12/23/2021,23.76091596,64.36690602,1014.294747,shower rain,3.509181899,5.106853013
Karachi,12/24/2021,14.06750867,69.19825974,1031.001002,clear sky,1.306243524,4.647992291
Karachi,12/25/2021,13.10578128,88.62755666,1026.066086,rain,0.889832783,3.703194973
Karachi,12/26/2021,28.57283307,37.26516369,997.0320436,few clouds,7.117148771,7.385303413
Karachi,12/27/2021,23.57993336,78.8501639,1005.837159,rain,3.544634272,5.144309107
Karachi,12/28/2021,19.09675321,80.20471157,1025.16188,scattered clouds,4.863523717,3.659196973
Karachi,12/29/2021,23.92942769,58.8399263,1018.018693,thunderstorm,2.136450838,1.342238469
Karachi,12/30/2021,24.85764037,70.03987346,1006.758282,thunderstorm,2.816575965,3.829981761
Karachi,12/31/2021,25.25935744,40.50605776,999.7912262,mist,3.149527517,4.776284948
Karachi,1/1/2022,20.1239142,80.87624974,1012.12187,scattered clouds,4.271001316,3.700564714
Karachi,1/2/2022,19.30800689,74.89933276,1004.325279,broken clouds,2.962004649,4.235652302
Karachi,1/3/2022,12.18747743,69.03932219,1021.876361,clear sky,6.438352437,4.224192874
Karachi,1/4/2022,27.75147096,53.38089795,1012.909459,shower rain,7.492504084,6.367620218
Karachi,1/5/2022,22.25623393,59.4062228,1023.018676,clear sky,2.79086144,4.396343125
Karachi,1/6/2022,15.45361693,80.14487522,1033.051655,clear sky,1.845124266,1.546407094
Karachi,1/7/2022,27.63325813,55.96122936,993.8270564,clear sky,9.336994598,3.958561652
Karachi,1/8/2022,27.55384233,56.3586479,1003.068356,mist,3.113855519,6.152705023
Karachi,1/9/2022,28.81613079,53.51020779,1008.282453,scattered clouds,5.288387271,5.040861944
Karachi,1/10/2022,26.85896157,42.24042501,1010.280047,shower rain,9.604539087,6.814258227
Karachi,1/11/2022,28.96233459,59.45424068,1010.873589,rain,7.578231049,3.624546411
Karachi,1/12/2022,16.1596652,65.18374575,1029.158617,rain,3.729033499,1.957614972
Karachi,1/13/2022,26.31824295,49.15876197,1009.542894,mist,4.424743025,5.792323212
Karachi,1/14/2022,25.99148125,34.83222534,992.8268427,rain,8.83362342,5.503740096
Karachi,1/15/2022,15.92598611,89.21795595,1027.812227,few clouds,1.429393438,2.33198577
Karachi,1/16/2022,13.67343833,78.15943687,1028.991306,mist,1.737774721,3.041716218
Karachi,1/17/2022,28.65014873,52.60132636,1019.804398,thunderstorm,4.342958,3.17490639
Karachi,1/18/2022,17.03241738,52.63106814,1027.734497,thunderstorm,1.107046224,1.18519054
Karachi,1/19/2022,26.80516044,52.90253443,1010.604912,mist,9.673187472,3.474635014
Karachi,1/20/2022,12.07016163,80.98893717,1020.592532,thunderstorm,4.214221173,3.883962266
Karachi,1/21/2022,12.35742172,76.87090905,1034.716916,thunderstorm,4.464859924,5.318582073
Karachi,1/22/2022,19.91981225,61.67638455,1039.87339,scattered clouds,6.68027826,2.301116446
Karachi,1/23/2022,16.05814963,69.58760169,1031.161795,clear sky,1.614025386,1.169699149
Karachi,1/24/2022,23.72730182,54.41737485,1024.500015,few clouds,0.04142277,4.54313551
Karachi,1/25/2022,21.61459353,68.86348266,1003.158193,thunderstorm,4.192185547,5.276761195
Karachi,1/26/2022,13.31725856,59.7529541,1029.069565,clear sky,3.554913973,1.690863926
Karachi,1/27/2022,14.76468104,63.96387946,1028.342463,clear sky,3.343552642,2.92873848
Karachi,1/28/2022,18.59683759,56.50401634,1031.022726,broken clouds,0.433161479,1.793684203
Karachi,1/29/2022,15.15526909,59.20217471,1004.982216,shower rain,3.181044066,1.531787153
Karachi,1/30/2022,25.4677799,32.29705925,1009.611975,clear sky,5.012916956,6.240842692
Karachi,1/31/2022,19.073194,86.79605466,1011.828956,mist,1.921952741,5.837682381
Karachi,2/1/2022,13.58834174,71.21642752,1030.41085,clear sky,1.556671061,4.390828128
Karachi,2/2/2022,20.23382934,65.86967885,1009.614958,clear sky,2.327698518,5.924073314
Karachi,2/3/2022,13.54424908,71.40116851,1027.359147,rain,2.471931526,3.17197638
Karachi,2/4/2022,14.19193419,75.13172914,1011.799718,thunderstorm,2.161430435,5.489348944
Karachi,2/5/2022,16.07336714,86.87515173,1000.359772,shower rain,6.85126901,2.025421123
Karachi,2/6/2022,26.61197099,35.36078857,1009.000737,few clouds,9.529117599,3.589521835
Karachi,2/7/2022,27.71841305,38.86657496,993.3980725,clear sky,7.021570697,6.512600255
Karachi,2/8/2022,26.0463814,59.27368009,1009.778744,scattered clouds,9.867383869,4.857041654
Karachi,2/9/2022,17.6793127,64.84771947,1037.024378,broken clouds,6.938386072,2.588438014
Karachi,2/10/2022,16.6315895,50.90246603,1038.769837,clear sky,2.49157797,4.35640289
Karachi,2/11/2022,21.33564674,55.90573971,1009.436923,clear sky,3.11631282,2.667420209
Karachi,2/12/2022,24.27150373,51.05354807,1032.370129,thunderstorm,6.713432439,3.862790861
Karachi,2/13/2022,28.8873374,59.69769427,1000.606598,broken clouds,7.260383395,4.497275531
Karachi,2/14/2022,14.2367021,61.15483396,1036.018283,rain,1.49050358,4.918787941
Karachi,2/15/2022,12.83796398,86.94171028,1031.499583,thunderstorm,4.825664678,2.561941702
Karachi,2/16/2022,23.80405011,89.83545103,1002.956869,shower rain,1.440223274,3.674970722
Karachi,2/17/2022,26.14783832,47.99523663,1002.21411,clear sky,5.375504206,3.115880418
Karachi,2/18/2022,26.38792926,30.99588945,1000.119535,scattered clouds,4.592921142,6.958653917
Karachi,2/19/2022,23.53388033,53.26366522,1031.407241,few clouds,1.714861512,4.101688874
Karachi,2/20/2022,28.21826867,44.44767165,1002.308571,shower rain,3.032589071,3.961185335
Karachi,2/21/2022,20.68708098,66.24688052,1027.383536,broken clouds,6.164961825,2.07686688
Karachi,2/22/2022,27.53485157,48.18531917,1008.073058,few clouds,5.071933467,4.312464593
Karachi,2/23/2022,28.45280633,43.16543429,1019.269162,clear sky,3.604620657,5.882650523
Karachi,2/24/2022,26.40167677,58.02230548,1018.133549,scattered clouds,3.60891184,5.741581665
Karachi,2/25/2022,17.26589558,71.38958862,1017.107981,clear sky,3.892127935,2.369318598
Karachi,2/26/2022,15.33566607,77.74904246,1028.943128,few clouds,6.950443854,4.47031146
Karachi,2/27/2022,21.3180411,85.85941091,1033.178404,clear sky,1.015157271,5.44520583
Karachi,2/28/2022,19.70125076,55.87487503,1035.95543,shower rain,0.697352467,1.217577388
Karachi,3/1/2022,43.04413348,24.59469308,981.3626853,mist,9.383038804,7.085983189
Karachi,3/2/2022,30.60050674,33.21955981,999.062364,broken clouds,6.943318777,5.967600593
Karachi,3/3/2022,33.12384098,34.18915198,999.6069012,rain,5.060662512,5.932176018
Karachi,3/4/2022,41.02878311,30.25167934,988.688919,rain,8.025220925,5.097676735
Karachi,3/5/2022,30.51978632,39.63537777,995.0779425,rain,5.971335513,4.052830329
Karachi,3/6/2022,34.13223062,42.69518519,1004.886176,rain,5.199019306,3.309153607
Karachi,3/7/2022,35.1944863,39.64979664,993.2642865,clear sky,14.15331584,7.844825363
Karachi,3/8/2022,38.96150075,23.13408696,989.9472784,broken clouds,5.419545713,8.226949438
Karachi,3/9/2022,31.53012233,46.22436212,1009.973793,thunderstorm,4.641991119,3.798710817
Karachi,3/10/2022,42.76967185,21.9774231,981.3288326,mist,13.08552796,6.665055597
Karachi,3/11/2022,36.16067577,26.36992627,997.5197466,broken clouds,13.33958125,6.649018717
Karachi,3/12/2022,43.67234739,30.55051847,998.7813838,rain,6.11555079,9.099011658
Karachi,3/13/2022,36.48591862,38.93263492,992.3581485,scattered clouds,14.7376345,5.973297023
Karachi,3/14/2022,33.40064414,41.73684664,1016.44173,clear sky,7.853483949,5.741570607
Karachi,3/15/2022,31.26926126,31.94720089,993.9433805,rain,4.908151392,6.914677563
Karachi,3/16/2022,29.05992152,41.64484344,1013.923468,rain,6.192265054,7.147890964
Karachi,3/17/2022,37.51451976,22.91482352,982.3829639,mist,7.971386196,8.332830471
Karachi,3/18/2022,30.71450715,36.8996884,1002.240307,rain,4.050155749,4.497638761
Karachi,3/19/2022,35.26764422,32.36181246,986.4763707,clear sky,7.911780647,9.115232874
Karachi,3/20/2022,38.42834818,21.34847732,991.7118365,clear sky,10.80091937,8.710830136
Karachi,3/21/2022,33.41097435,43.94171269,999.0454361,rain,8.781787864,6.522345669
Karachi,3/22/2022,31.80358868,48.28384758,1009.119409,broken clouds,5.544703524,3.336676994
Karachi,3/23/2022,41.39554596,28.43716785,987.3477458,few clouds,8.479015405,5.216324403
Karachi,3/24/2022,44.14865876,20.38252701,997.2158076,few clouds,9.680007011,8.476826489
Karachi,3/25/2022,30.60704669,59.56558071,1009.016515,rain,7.5118892,7.723974006
Karachi,3/26/2022,31.48944519,41.01347302,996.4589489,clear sky,8.261313837,6.86861964
Karachi,3/27/2022,44.36020252,35.57154374,986.7225884,clear sky,8.267995048,9.157377832
Karachi,3/28/2022,29.60454755,39.76939477,1015.422627,few clouds,7.104467275,5.724911404
Karachi,3/29/2022,44.64211738,29.50033514,987.729595,scattered clouds,8.893608413,6.52293072
Karachi,3/30/2022,29.07431173,41.65390928,1006.073972,rain,8.014798953,6.388684484
Karachi,3/31/2022,42.97869849,26.85078459,992.9788387,clear sky,6.646749205,8.559854377
Karachi,4/1/2022,33.9172029,30.65554132,1000.434289,thunderstorm,4.798474055,6.376789858
Karachi,4/2/2022,44.01742173,27.20041876,985.8795726,clear sky,9.260604198,9.733545284
Karachi,4/3/2022,34.07112462,56.68469971,1004.257647,few clouds,9.225903529,4.835895166
Karachi,4/4/2022,39.46890114,33.80786677,984.2976194,rain,10.73325789,5.198287695
Karachi,4/5/2022,30.28052112,34.36268577,998.5263176,rain,9.757772833,7.542221764
Karachi,4/6/2022,32.87727698,47.73465014,991.8623545,rain,3.722943797,3.802495594
Karachi,4/7/2022,41.37886954,37.8446172,986.0794055,scattered clouds,9.601754137,8.486591697
Karachi,4/8/2022,37.45897366,34.00068082,986.4140819,clear sky,9.1907853,9.366022199
Karachi,4/9/2022,43.84750499,22.97368785,999.2366633,clear sky,11.00206176,6.55070699
Karachi,4/10/2022,35.86002253,37.35664993,991.7945765,few clouds,13.11964609,9.152076204
Karachi,4/11/2022,42.91699785,26.03088027,995.7476485,clear sky,13.41448026,6.660290631
Karachi,4/12/2022,36.183287,29.08152289,980.9075451,clear sky,11.70194609,8.971289641
Karachi,4/13/2022,44.66797246,30.52285519,982.1307339,clear sky,11.41536364,5.349149315
Karachi,4/14/2022,44.3573501,37.01013209,996.2907392,broken clouds,14.49029542,8.276214993
Karachi,4/15/2022,34.26618729,57.94822485,1008.706486,scattered clouds,5.685811811,6.385690403
Karachi,4/16/2022,43.17477873,38.59305756,983.8196406,clear sky,13.32783314,7.45712915
Karachi,4/17/2022,42.56178199,20.15908363,988.0959081,clear sky,14.21503727,8.435454319
Karachi,4/18/2022,32.37088636,57.65665457,1006.160175,clear sky,6.44077471,7.615918353
Karachi,4/19/2022,38.98864641,21.08773932,996.8721966,clear sky,12.29102579,8.669274125
Karachi,4/20/2022,30.16291705,37.9732097,991.8123598,clear sky,5.639138997,7.806480145
Karachi,4/21/2022,42.38737153,30.29975709,991.9344458,mist,6.588790142,7.243061569
Karachi,4/22/2022,31.79273414,44.39777067,1011.511078,rain,7.10552717,5.641453659
Karachi,4/23/2022,30.13303522,48.14129382,1019.336756,broken clouds,4.375301556,4.318693486
Karachi,4/24/2022,35.40350553,29.58892457,996.1432016,shower rain,9.575991308,9.928008339
Karachi,4/25/2022,38.23075422,38.68751359,985.5245463,few clouds,13.72879313,5.275683676
Karachi,4/26/2022,42.67867134,24.81097696,994.1915839,clear sky,5.860181876,6.793102088
Karachi,4/27/2022,44.58788041,25.48049388,995.2655577,scattered clouds,5.304285357,6.488485824
Karachi,4/28/2022,36.0318802,38.41475871,994.59471,rain,11.06477847,6.932558566
Karachi,4/29/2022,29.96715077,32.30218541,1014.604322,few clouds,5.317429286,7.588589303
Karachi,4/30/2022,40.98584926,32.19121644,998.0745995,clear sky,9.179377069,6.84018937
Karachi,5/1/2022,38.0427721,33.63471904,981.9685974,clear sky,9.057105887,9.584883264
Karachi,5/2/2022,36.16626152,30.11083447,982.0952772,few clouds,5.86620229,7.116694308
Karachi,5/3/2022,33.94830206,50.82695636,1013.892,scattered clouds,3.024965029,7.273843846
Karachi,5/4/2022,37.03837645,23.45509292,985.0474495,few clouds,13.98423243,7.608750493
Karachi,5/5/2022,34.41887367,55.57896698,991.7562427,scattered clouds,4.524589926,4.556764217
Karachi,5/6/2022,41.11218988,22.80051379,988.0245836,clear sky,9.260789919,7.246748995
Karachi,5/7/2022,37.70229914,28.01624889,996.3975382,clear sky,14.71925797,7.121905395
Karachi,5/8/2022,43.02956439,21.50515203,982.5313005,clear sky,13.26762582,6.29957031
Karachi,5/9/2022,37.69670263,30.90422158,993.4368394,clear sky,6.079308553,6.44819365
Karachi,5/10/2022,32.81219861,50.09237422,990.1084759,broken clouds,6.559633221,3.932269607
Karachi,5/11/2022,42.61747012,38.8244327,982.1947489,clear sky,12.30079026,6.680002786
Karachi,5/12/2022,37.91550472,34.78672392,987.0170069,broken clouds,11.98392785,8.122029016
Karachi,5/13/2022,32.30945661,46.23308749,992.5080684,broken clouds,8.325892967,4.932790844
Karachi,5/14/2022,38.97612496,38.65234034,996.9180333,few clouds,9.574546549,8.561616055
Karachi,5/15/2022,34.72346824,44.35310514,1015.922115,rain,4.231460505,7.934890848
Karachi,5/16/2022,42.5104898,31.22411306,995.1114141,scattered clouds,9.648724439,6.885505397
Karachi,5/17/2022,36.25279582,31.92197055,984.8495926,clear sky,11.47887249,7.31319607
Karachi,5/18/2022,40.62306173,28.19959452,990.4649415,scattered clouds,11.08592087,5.820550785
Karachi,5/19/2022,30.52857932,55.15448072,995.5256558,broken clouds,3.493654377,4.961076429
Karachi,5/20/2022,35.33638954,23.70351878,985.625569,clear sky,5.649524341,8.634162254
Karachi,5/21/2022,44.73186298,31.09684381,990.3201058,clear sky,14.65257831,6.087023999
Karachi,5/22/2022,41.93536463,34.44466512,994.7002762,clear sky,6.51805455,5.910270243
Karachi,5/23/2022,31.55905284,57.11928516,992.8396314,broken clouds,5.061237248,4.881874368
Karachi,5/24/2022,33.44422479,56.51755189,998.9009009,few clouds,8.373441375,7.093247429
Karachi,5/25/2022,34.27705294,45.26220868,1017.79864,broken clouds,5.867739531,6.118285949
Karachi,5/26/2022,39.40584897,32.86322902,988.5824664,broken clouds,6.814648533,9.787896888
Karachi,5/27/2022,41.11191615,27.88475472,998.7773935,rain,9.672323823,9.522702175
Karachi,5/28/2022,40.99242574,29.36355526,999.8280108,clear sky,10.68949971,5.755685984
Karachi,5/29/2022,37.1579849,38.12531585,990.5331965,broken clouds,9.527666093,5.212763873
Karachi,5/30/2022,41.97312861,38.61407986,985.7608802,clear sky,14.18946075,6.995473671
Karachi,5/31/2022,35.99324932,37.90828116,995.8155362,scattered clouds,7.846992951,7.610397394
Karachi,6/1/2022,30.98208904,34.15112585,994.7793221,clear sky,7.629325125,5.577853076
Karachi,6/2/2022,38.03106947,37.00168043,985.0409372,few clouds,6.122947214,5.670536339
Karachi,6/3/2022,44.23682215,38.96727462,995.6975982,broken clouds,8.922854577,5.624087161
Karachi,6/4/2022,41.68789842,27.22499389,988.6729185,clear sky,12.40993252,5.234303779
Karachi,6/5/2022,38.25921036,30.37292579,984.0307587,clear sky,7.248169406,9.25429963
Karachi,6/6/2022,39.34889057,35.58190512,993.0225149,clear sky,10.89771046,9.73872069
Karachi,6/7/2022,43.88899243,31.24156275,994.6552372,broken clouds,6.534370292,5.578425101
Karachi,6/8/2022,35.85348471,39.86967043,982.5014248,rain,6.027016914,6.065611843
Karachi,6/9/2022,34.30230622,43.67140095,998.3094078,clear sky,6.662629242,3.449314424
Karachi,6/10/2022,44.63586504,34.27885422,984.4255351,clear sky,11.75010996,9.387510856
Karachi,6/11/2022,42.81509014,35.8518228,987.5970926,clear sky,6.133670662,9.793543668
Karachi,6/12/2022,34.16869735,44.82301247,1012.903347,shower rain,9.424433767,4.308982884
Karachi,6/13/2022,36.42048956,37.13967611,994.274162,scattered clouds,7.257722627,6.51791915
Karachi,6/14/2022,35.64125006,30.92309182,993.2504782,scattered clouds,6.199753082,6.813348422
Karachi,6/15/2022,31.38553086,42.3495239,990.1885664,broken clouds,4.418892358,5.512318797
Karachi,6/16/2022,44.32510918,22.15647348,982.8428663,broken clouds,6.695724565,8.412304893
Karachi,6/17/2022,35.4689989,27.86827153,984.465951,scattered clouds,5.906746506,7.521952916
Karachi,6/18/2022,43.00526532,34.67872909,985.4391169,rain,12.97839235,9.755007908
Karachi,6/19/2022,32.02969964,57.63859235,994.3927962,scattered clouds,6.468764423,3.499467293
Karachi,6/20/2022,37.76593297,25.03358808,988.206311,clear sky,8.885194404,8.993027561
Karachi,6/21/2022,29.38338216,40.65706552,992.2554176,clear sky,9.654395489,4.672415454
Karachi,6/22/2022,41.22752774,23.07921988,995.0004438,few clouds,8.710083871,6.88773844
Karachi,6/23/2022,38.29462237,33.81445788,995.7544157,clear sky,6.66972726,8.544147219
Karachi,6/24/2022,39.00943334,39.2037686,991.4853338,clear sky,7.740428919,9.646885549
Karachi,6/25/2022,29.82753412,49.2285666,992.6911463,broken clouds,4.672765735,6.581003893
Karachi,6/26/2022,32.37661328,48.5122959,1016.702495,mist,6.491188957,6.879302877
Karachi,6/27/2022,30.18929396,46.60469792,1018.969075,few clouds,5.040535868,6.753896211
Karachi,6/28/2022,33.62262905,32.65367222,996.0709068,clear sky,6.612428205,4.60489303
Karachi,6/29/2022,39.03902412,34.59007653,994.0927964,rain,11.69293425,8.784652166
Karachi,6/30/2022,38.05897575,32.04099087,996.8387726,clear sky,12.77298786,8.922603801
Karachi,7/1/2022,38.79439715,33.22953538,990.7968705,few clouds,12.10157781,7.667001603
Karachi,7/2/2022,37.78802034,37.97622186,986.466462,scattered clouds,7.055907165,7.683781193
Karachi,7/3/2022,33.36846073,53.51882361,1004.356761,scattered clouds,3.811298035,6.798604015
Karachi,7/4/2022,32.91211996,53.42745756,1005.368063,broken clouds,6.797151114,7.085154311
Karachi,7/5/2022,31.19295494,57.81551307,1002.019111,clear sky,4.392382538,4.68597721
Karachi,7/6/2022,42.585134,39.79869903,998.5968499,clear sky,5.849337218,9.007811088
Karachi,7/7/2022,38.86366974,31.62565464,994.8776622,clear sky,10.27094343,9.071045033
Karachi,7/8/2022,31.9841762,33.26644848,997.2390493,clear sky,5.287559296,4.170628205
Karachi,7/9/2022,31.83535008,43.77389723,1007.566716,mist,8.293043084,6.584753727
Karachi,7/10/2022,42.96856962,35.75202293,993.773783,clear sky,8.141916305,5.932669609
Karachi,7/11/2022,40.88369382,20.5545065,982.8031284,broken clouds,14.78717137,5.465245565
Karachi,7/12/2022,39.55038528,21.13774877,987.1685148,broken clouds,12.58523191,7.87271506
Karachi,7/13/2022,35.50982572,21.34315565,998.1109656,rain,5.576932215,9.543260994
Karachi,7/14/2022,33.19160903,51.93107275,1007.015193,broken clouds,6.562109182,3.177295118
Karachi,7/15/2022,44.67121221,30.02333257,984.3399549,clear sky,10.62620501,9.132508188
Karachi,7/16/2022,41.7558332,27.37795887,982.455696,scattered clouds,11.95302711,7.532356054
Karachi,7/17/2022,33.82846757,33.16851136,1005.546807,clear sky,6.484577579,7.304477244
Karachi,7/18/2022,42.56103674,34.644805,990.9537145,clear sky,9.834435984,9.217384676
Karachi,7/19/2022,41.14291118,26.42039621,986.688289,clear sky,8.679386117,9.376434024
Karachi,7/20/2022,33.7532888,37.9597221,1008.912481,broken clouds,4.900229687,6.844369774
Karachi,7/21/2022,35.82484567,33.04638403,981.3736937,rain,14.46200212,9.214961773
Karachi,7/22/2022,31.97525513,46.77032678,994.3541908,thunderstorm,5.223176687,3.880126036
Karachi,7/23/2022,30.77683911,40.87231925,1006.388215,scattered clouds,3.443949272,4.519265744
Karachi,7/24/2022,40.56419253,32.82974942,981.2363139,scattered clouds,6.672847393,6.212430854
Karachi,7/25/2022,33.28018972,38.13664561,1016.427263,clear sky,9.000936452,6.712141519
Karachi,7/26/2022,42.12094985,35.89660523,982.8429274,rain,10.86633459,5.768215597
Karachi,7/27/2022,44.92973938,24.58637901,993.4783975,clear sky,12.78780549,5.911138952
Karachi,7/28/2022,30.22591702,34.76513086,1001.736103,few clouds,8.661470823,7.394823604
Karachi,7/29/2022,36.568562,35.64878819,987.995755,clear sky,13.23236439,8.529410965
Karachi,7/30/2022,41.83300095,34.15784061,995.2977906,broken clouds,10.50613708,9.37689989
Karachi,7/31/2022,41.62321434,23.65277951,989.9892427,clear sky,6.771205957,5.696776291
Karachi,8/1/2022,41.15995453,22.32491505,994.5131093,few clouds,6.482327522,6.994902023
Karachi,8/2/2022,34.58391896,55.15197265,1005.155737,rain,7.017890943,4.41575585
Karachi,8/3/2022,36.26165209,35.53196964,991.8581068,clear sky,8.665143537,5.048405426
Karachi,8/4/2022,38.51949372,26.54514747,995.2142926,mist,10.58048241,6.422614802
Karachi,8/5/2022,44.58304934,33.16394816,992.1461749,few clouds,9.984778442,6.89791626
Karachi,8/6/2022,34.24075634,33.7248056,1008.468453,few clouds,7.215386558,3.461098186
Karachi,8/7/2022,43.7703022,30.14095318,995.7843918,clear sky,5.321117907,7.832437789
Karachi,8/8/2022,33.30971069,30.56190876,1018.472604,few clouds,3.229856764,4.915863312
Karachi,8/9/2022,44.82519145,27.83203762,987.5343231,rain,12.21595171,5.232308311
Karachi,8/10/2022,39.72421899,21.49685643,991.5423431,few clouds,6.931272438,8.519894324
Karachi,8/11/2022,36.41618369,29.5029436,981.7254632,clear sky,11.52198462,8.646399169
Karachi,8/12/2022,38.81424685,28.43363294,987.1760776,broken clouds,10.46575911,9.172357215
Karachi,8/13/2022,33.3604987,43.3315508,1002.361477,clear sky,9.8725613,5.427702999
Karachi,8/14/2022,33.38678172,31.35993906,1015.05712,scattered clouds,8.847841152,7.843293987
Karachi,8/15/2022,30.8168727,40.84849024,1005.401772,mist,5.891941649,7.570320723
Karachi,8/16/2022,30.82480476,52.69451547,1011.931991,shower rain,7.314889741,5.756758126
Karachi,8/17/2022,34.56274786,41.0674312,990.570222,clear sky,3.821026201,5.224759655
Karachi,8/18/2022,41.20568765,34.30343905,989.2898534,clear sky,8.86386043,5.01517214
Karachi,8/19/2022,38.72753868,27.38957447,998.0263533,mist,12.33887741,8.554972659
Karachi,8/20/2022,30.64135297,42.69718324,996.7294173,shower rain,7.358701089,5.82477252
Karachi,8/21/2022,42.6357844,31.27784226,980.6304437,rain,9.844713244,9.687720727
Karachi,8/22/2022,38.62188203,39.01363874,988.6681747,clear sky,6.765291041,7.971160626
Karachi,8/23/2022,44.37368923,22.17720893,994.0886364,clear sky,13.03145926,9.964280469
Karachi,8/24/2022,39.72296748,20.65827537,989.0892701,scattered clouds,7.731666044,9.269096359
Karachi,8/25/2022,31.80279782,48.23871551,1003.799349,mist,8.743353572,7.767989679
Karachi,8/26/2022,36.5805338,38.98194178,993.3961008,clear sky,11.11609063,6.638313856
Karachi,8/27/2022,39.37596156,39.79446265,985.0877762,broken clouds,8.727314279,5.746679974
Karachi,8/28/2022,29.45223522,44.52492742,1012.556694,mist,3.284236554,6.984360569
Karachi,8/29/2022,29.23856423,44.04244863,994.5934059,scattered clouds,4.62693191,6.930985515
Karachi,8/30/2022,31.07044801,49.34891312,1001.872518,shower rain,9.223496478,4.057244697
Karachi,8/31/2022,33.02663096,46.66904272,1009.680243,clear sky,8.725820407,6.823723271
Karachi,9/1/2022,35.87278598,32.68176115,996.5673801,rain,10.74853313,7.90986679
Karachi,9/2/2022,36.79904758,37.47998851,995.8306214,rain,9.66322464,5.547625725
Karachi,9/3/2022,31.20844174,52.38918508,1011.650568,clear sky,7.529998755,5.508917988
Karachi,9/4/2022,39.77426527,29.93754783,987.1819277,clear sky,9.662481278,9.655690004
Karachi,9/5/2022,38.53820899,29.23728918,982.4460863,scattered clouds,11.44304841,7.532287727
Karachi,9/6/2022,33.71142558,49.18805246,996.5050265,clear sky,5.151828698,6.943494948
Karachi,9/7/2022,29.21855813,43.67118853,1015.945014,rain,8.869480525,3.144549933
Karachi,9/8/2022,30.24236665,43.73338054,1015.719941,broken clouds,7.913425254,6.640407064
Karachi,9/9/2022,35.26711641,20.32611804,999.0312171,rain,8.299756284,9.734186931
Karachi,9/10/2022,31.46358962,35.22192412,992.2796596,scattered clouds,8.814662804,5.497638924
Karachi,9/11/2022,35.0291137,29.7702728,990.7361817,scattered clouds,9.873425309,6.688549565
Karachi,9/12/2022,39.05092167,36.45306918,992.9736609,clear sky,6.746388647,8.233252524
Karachi,9/13/2022,37.75579885,25.57454013,994.2131475,clear sky,5.77712462,9.581306075
Karachi,9/14/2022,32.69881413,45.67930299,1009.315897,few clouds,7.897240233,3.883848253
Karachi,9/15/2022,34.50115986,40.34886254,1013.100342,shower rain,9.055845629,5.01847105
Karachi,9/16/2022,38.82449918,22.09607979,987.1894315,scattered clouds,13.07441989,5.781451405
Karachi,9/17/2022,42.77368045,39.16596966,983.5886554,scattered clouds,11.5565103,7.483271161
Karachi,9/18/2022,41.05141502,37.09347741,984.0916674,few clouds,6.413750556,7.702110065
Karachi,9/19/2022,37.85440043,21.56984849,980.2395738,broken clouds,5.94044076,9.721018074
Karachi,9/20/2022,34.79668797,51.59361787,1000.509656,mist,5.415207361,5.062575769
Karachi,9/21/2022,34.84082044,40.42739713,992.7523215,clear sky,8.984376233,5.834783068
Karachi,9/22/2022,43.07067696,39.89699614,986.4297739,clear sky,14.6173627,9.42631287
Karachi,9/23/2022,29.62789722,39.07195559,1008.846302,clear sky,4.689525984,4.607025001
Karachi,9/24/2022,44.80772231,24.77476891,997.8895611,broken clouds,12.62095671,8.370819345
Karachi,9/25/2022,39.63000657,31.35781097,996.792109,mist,10.73869217,8.785809244
Karachi,9/26/2022,39.89820319,36.70252327,985.0534842,few clouds,5.318073671,6.652641173
Karachi,9/27/2022,29.6079654,35.77556615,994.0224943,clear sky,6.80041445,3.821705928
Karachi,9/28/2022,38.6884684,34.18805539,983.8614455,broken clouds,13.05940403,7.51454771
Karachi,9/29/2022,36.75644896,21.22813166,999.419733,clear sky,7.761227833,6.784008651
Karachi,9/30/2022,30.69246251,57.56804229,1006.484234,clear sky,9.281531368,4.332312159
Karachi,10/1/2022,33.44675217,32.43224748,995.4750667,clear sky,4.653822848,7.867106553
Karachi,10/2/2022,43.2450313,38.28462753,996.8149231,clear sky,5.764731326,7.510765094
Karachi,10/3/2022,37.79981465,29.81614499,987.9038249,mist,6.599393094,9.282388469
Karachi,10/4/2022,35.6146652,28.96182226,997.984443,thunderstorm,13.37002869,5.976587053
Karachi,10/5/2022,30.16291449,59.19921239,997.8203138,shower rain,5.921141433,7.697213824
Karachi,10/6/2022,40.42594444,39.80768355,987.8644352,broken clouds,12.96945564,8.972157173
Karachi,10/7/2022,40.24561317,33.00356252,990.0989553,clear sky,10.31233061,9.043460781
Karachi,10/8/2022,38.82469771,22.54238584,997.8523067,scattered clouds,9.805591248,6.948824376
Karachi,10/9/2022,37.16420234,30.12340171,997.3751486,clear sky,13.06913151,7.428184965
Karachi,10/10/2022,35.94055044,30.58326202,991.4871014,few clouds,9.234876117,7.966771629
Karachi,10/11/2022,38.49233749,30.28892856,984.4355102,few clouds,13.02032731,8.948827681
Karachi,10/12/2022,32.73432723,47.08475516,1002.100709,clear sky,3.704635155,7.24528376
Karachi,10/13/2022,44.06014503,20.37449428,999.5126613,clear sky,11.36310816,5.390226547
Karachi,10/14/2022,38.42071247,34.22454563,992.1554645,clear sky,12.02587057,9.520311938
Karachi,10/15/2022,33.97907911,51.37182906,1013.432933,shower rain,9.293681773,7.687483263
Karachi,10/16/2022,36.19487761,22.3093955,988.9972939,clear sky,7.243239187,7.964437022
Karachi,10/17/2022,41.89095662,31.40478885,990.6401455,rain,11.0421988,5.933753066
Karachi,10/18/2022,31.58585697,47.05083547,1002.868623,rain,6.032795946,7.092074164
Karachi,10/19/2022,33.68536996,50.47351261,1011.08763,scattered clouds,5.679401589,5.742938073
Karachi,10/20/2022,39.87212836,21.70795384,997.0294203,broken clouds,6.067135552,9.085982269
Karachi,10/21/2022,34.0478273,48.79509922,1005.220906,thunderstorm,3.939633314,7.074040633
Karachi,10/22/2022,41.68002691,25.61503901,989.6173492,broken clouds,13.36988461,5.433646578
Karachi,10/23/2022,31.08725579,45.21008971,1000.208594,clear sky,8.248274026,6.035107142
Karachi,10/24/2022,41.20297873,35.46647105,983.5419339,rain,8.823411303,7.415721496
Karachi,10/25/2022,30.09362744,51.16937809,1018.177432,thunderstorm,8.79940607,7.73059735
Karachi,10/26/2022,29.2014818,33.56709053,999.4823916,scattered clouds,3.565363294,4.48320646
Karachi,10/27/2022,43.3715763,31.82369574,996.0138293,mist,11.24773917,6.030000531
Karachi,10/28/2022,38.30142747,39.38233062,994.3069404,broken clouds,13.68176053,9.48543428
Karachi,10/29/2022,34.62923035,34.70308312,1013.727528,broken clouds,8.872049617,3.743577845
Karachi,10/30/2022,32.72151419,55.58721263,1018.103044,broken clouds,5.60947932,6.432597294
Karachi,10/31/2022,38.87017253,34.05096161,992.4674152,rain,12.45233853,6.500099069
Karachi,11/1/2022,37.14403494,35.48006626,997.9590069,clear sky,9.274681455,7.839228777
Karachi,11/2/2022,44.86556441,25.63916654,983.3539465,rain,13.40138164,8.081097164
Karachi,11/3/2022,44.73145579,25.75777859,992.5342515,clear sky,10.3076195,7.08684641
Karachi,11/4/2022,39.16039306,38.12038912,995.4455123,rain,12.64857049,9.874824901
Karachi,11/5/2022,36.0859281,27.19664064,985.4328226,clear sky,5.785715823,5.65916584
Karachi,11/6/2022,36.85825551,21.26030781,994.815076,scattered clouds,10.90025972,6.956995445
Karachi,11/7/2022,39.91966506,32.01193407,995.5695366,clear sky,10.50284177,7.151976634
Karachi,11/8/2022,30.62519271,33.74453007,1014.935639,scattered clouds,7.269837052,6.155234745
Karachi,11/9/2022,34.25363318,53.89788724,999.3864874,shower rain,7.869491255,5.036298791
Karachi,11/10/2022,30.20435586,49.25239328,1010.448198,few clouds,9.42676279,3.485180057
Karachi,11/11/2022,30.17377215,56.24179516,999.1275985,mist,8.499774572,7.737149991
Karachi,11/12/2022,32.13342787,53.54511749,1012.171212,clear sky,4.53746594,5.080395408
Karachi,11/13/2022,36.76405207,22.24227297,989.2594733,clear sky,13.25896269,6.713368636
Karachi,11/14/2022,41.55638914,27.62141353,991.9508875,clear sky,6.220796776,7.233610621
Karachi,11/15/2022,36.76793426,35.491205,988.3167996,broken clouds,11.22198586,6.082978411
Karachi,11/16/2022,34.36762577,42.5202442,994.8594878,mist,9.179276658,3.501108423
Karachi,11/17/2022,30.31764785,59.17096454,995.3408859,mist,3.70785438,3.742892396
Karachi,11/18/2022,37.80472837,34.714809,981.5513781,clear sky,13.49692653,5.833274135
Karachi,11/19/2022,33.34029738,30.4649975,1008.54218,broken clouds,8.59034514,3.988367191
Karachi,11/20/2022,38.83894685,37.59971383,996.972768,clear sky,10.03775434,7.099801061
Karachi,11/21/2022,44.63500383,22.0160957,980.4167365,clear sky,8.088976023,8.119496345
Karachi,11/22/2022,30.78102914,34.21571173,991.9871851,clear sky,5.838067597,6.14443919
Karachi,11/23/2022,32.39400638,52.03477202,1003.72401,thunderstorm,9.78060695,3.000487848
Karachi,11/24/2022,36.56951261,37.29937119,994.7544147,scattered clouds,7.016975562,9.604788334
Karachi,11/25/2022,44.49782105,30.72699256,983.1541529,clear sky,10.79604288,9.114235903
Karachi,11/26/2022,41.34895642,25.78099466,985.4330264,mist,5.832407479,9.819690197
Karachi,11/27/2022,43.37166709,27.02631091,984.640124,clear sky,7.178930642,6.799931724
Karachi,11/28/2022,34.33943758,40.28667989,1001.971537,shower rain,8.343214717,6.323996383
Karachi,11/29/2022,44.87261558,26.53356208,984.4999735,mist,8.025990404,5.840103746
Karachi,11/30/2022,30.64532506,37.28729015,1000.57796,thunderstorm,9.900362494,7.085165136
Karachi,12/1/2022,12.9005394,74.35468379,1029.141704,mist,3.505719302,1.806838615
Karachi,12/2/2022,26.54524466,57.01215956,1008.330277,clear sky,6.615775277,4.629928504
Karachi,12/3/2022,27.76350279,39.21247239,992.4354512,rain,3.254203175,5.45417428
Karachi,12/4/2022,13.53995108,57.4677719,1025.509827,mist,6.695687247,3.972658344
Karachi,12/5/2022,13.92826625,83.54310665,1019.083087,scattered clouds,1.219634086,3.798165121
Karachi,12/6/2022,12.56396068,79.67133324,1037.382623,mist,3.768384192,1.510480059
Karachi,12/7/2022,13.77662856,87.23348126,1011.572173,broken clouds,2.76972227,3.108380014
Karachi,12/8/2022,15.56013689,56.62078942,1029.046657,broken clouds,2.909092905,5.614546321
Karachi,12/9/2022,28.49130252,34.32753942,1011.925825,broken clouds,7.503101162,7.361842639
Karachi,12/10/2022,23.35362378,71.65717577,1008.860031,scattered clouds,4.63462074,3.953917616
Karachi,12/11/2022,25.23540143,48.43300965,1017.096709,clear sky,4.080020304,5.861622877
Karachi,12/12/2022,25.19436986,44.40520326,1004.735496,few clouds,6.497106572,3.558375913
Karachi,12/13/2022,21.09625375,73.95866545,1027.155335,thunderstorm,5.533342144,2.001297262
Karachi,12/14/2022,25.55731262,35.41139307,994.3756668,clear sky,6.103005385,4.263198713
Karachi,12/15/2022,22.12872805,69.18455017,1010.312157,broken clouds,1.160631296,3.440978643
Karachi,12/16/2022,17.34728366,76.32370244,1023.444285,clear sky,2.192518602,4.65678024
Karachi,12/17/2022,21.53887185,67.30825797,1012.761091,thunderstorm,1.486656949,3.303626778
Karachi,12/18/2022,21.06964596,77.17789343,1019.987717,rain,0.880722275,1.630305209
Karachi,12/19/2022,25.99870191,43.53573842,1001.220156,clear sky,5.643067892,5.196744385
Karachi,12/20/2022,28.6893627,40.00798743,1009.216614,shower rain,6.786553702,3.813166269
Karachi,12/21/2022,18.98772361,62.14420188,1019.485815,mist,0.509260677,4.755736758
Karachi,12/22/2022,24.97764153,66.43608236,1000.184397,broken clouds,4.226763606,1.832504302
Karachi,12/23/2022,13.69597107,50.92358491,1025.987234,few clouds,6.951171081,3.412669948
Karachi,12/24/2022,25.20613328,50.05575415,1002.663647,thunderstorm,9.748874524,6.467068013
Karachi,12/25/2022,18.3140875,83.80422564,1013.667934,scattered clouds,5.804214374,2.14099032
Karachi,12/26/2022,12.66963277,64.18508378,1003.76587,thunderstorm,1.86438779,1.380150538
Karachi,12/27/2022,18.17518504,51.84132545,1008.814788,broken clouds,0.156853175,3.81649738
Karachi,12/28/2022,22.38092677,89.4710239,1008.950892,broken clouds,5.83479192,1.271013318
Karachi,12/29/2022,14.02725285,60.54793022,1037.41478,mist,0.390041624,3.938843215
Karachi,12/30/2022,27.70858637,33.79863365,1002.975389,thunderstorm,4.43939657,6.767492688
Karachi,12/31/2022,13.32043103,64.79010032,1001.682634,mist,3.811172508,2.646579958
Karachi,1/1/2023,27.81011424,52.15671122,994.1645005,thunderstorm,4.248646274,5.441747045
Karachi,1/2/2023,24.0213378,61.75666388,1003.161307,rain,5.836518319,5.643809191
Karachi,1/3/2023,17.60510698,72.98812816,1023.554776,mist,5.440117874,3.355544321
Karachi,1/4/2023,18.64275591,66.62239978,1007.46486,shower rain,5.29038654,5.982770307
Karachi,1/5/2023,24.5937592,54.71055969,1019.942306,mist,5.712893311,1.785012057
Karachi,1/6/2023,22.22500871,63.2114805,1014.802483,shower rain,1.537912462,4.544669512
Karachi,1/7/2023,23.41792966,78.99482023,1032.155055,thunderstorm,5.102246633,4.263092991
Karachi,1/8/2023,18.61579848,74.48015589,1012.819585,clear sky,2.486970518,5.361524068
Karachi,1/9/2023,20.29282919,54.7911352,1018.330619,thunderstorm,4.667913317,1.46221606
Karachi,1/10/2023,28.82774723,34.89967229,1011.638566,shower rain,3.8541521,4.401032958
Karachi,1/11/2023,15.6366888,75.62933437,1017.334048,shower rain,4.93910606,1.660896129
Karachi,1/12/2023,19.10355517,82.53661657,1031.728621,rain,6.804754095,5.665475611
Karachi,1/13/2023,16.96099419,63.97897984,1026.467374,clear sky,0.305202557,3.133176623
Karachi,1/14/2023,25.00689568,47.85932256,1002.315873,mist,3.656802308,7.550329228
Karachi,1/15/2023,24.98821464,56.82574355,1020.159277,thunderstorm,0.865457371,2.472034972
Karachi,1/16/2023,16.97157284,62.45505348,1038.688138,clear sky,3.013947335,1.631840507
Karachi,1/17/2023,13.38363538,50.81080823,1026.46446,broken clouds,2.035461295,2.482686365
Karachi,1/18/2023,12.1943555,80.73103791,1036.199809,shower rain,5.648441075,3.985871797
Karachi,1/19/2023,19.26665907,66.04039279,1007.15034,scattered clouds,3.316510674,5.226162959
Karachi,1/20/2023,18.9757391,82.64502295,1019.329446,shower rain,3.391761399,2.926953466
Karachi,1/21/2023,28.80262794,51.25118988,1017.25985,clear sky,8.019266709,7.574043296
Karachi,1/22/2023,19.98663529,83.14977063,1012.904482,mist,2.533782878,2.221160298
Karachi,1/23/2023,16.35911228,61.42634678,1038.706568,shower rain,2.472450732,4.467703437
Karachi,1/24/2023,27.1509005,35.55326191,992.9123247,few clouds,8.298484713,6.678566752
Karachi,1/25/2023,20.34815514,88.87622731,1036.106847,thunderstorm,5.460292221,2.369814597
Karachi,1/26/2023,22.1859858,78.69311148,1017.808485,scattered clouds,0.100791408,1.134849392
Karachi,1/27/2023,13.62636808,83.36169072,1002.949767,broken clouds,1.006533331,2.82618671
Karachi,1/28/2023,18.50957892,50.52533495,1035.180864,scattered clouds,1.491687268,1.225980737
Karachi,1/29/2023,28.05180247,40.63384861,997.5582064,thunderstorm,5.461203281,7.503768877
Karachi,1/30/2023,22.02159153,79.71266762,1000.890005,broken clouds,2.040136584,5.767626315
Karachi,1/31/2023,17.85653154,53.11931332,1005.432284,rain,4.679640339,4.67689958
Karachi,2/1/2023,22.63634207,72.69359718,1026.36459,clear sky,5.796946637,4.633422927
Karachi,2/2/2023,27.47698852,42.87218302,1019.334345,few clouds,4.344608876,4.204463347
Karachi,2/3/2023,16.65784021,50.70466029,1004.458486,shower rain,3.940860424,1.369627883
Karachi,2/4/2023,20.58698421,59.43902308,1018.477922,broken clouds,2.574713758,5.010523179
Karachi,2/5/2023,28.29774112,38.54375967,995.4190965,shower rain,6.540445125,5.795809658
Karachi,2/6/2023,14.93073444,54.47439785,1029.801461,few clouds,4.345304892,4.408137654
Karachi,2/7/2023,24.23428674,75.26147639,1004.722356,few clouds,6.255198731,4.89820534
Karachi,2/8/2023,22.44617714,59.69591505,1009.59367,clear sky,1.346048675,3.047171345
Karachi,2/9/2023,23.55447723,61.10477998,1007.856239,mist,0.609046109,1.72273295
Karachi,2/10/2023,17.97073372,85.92954393,1022.100791,clear sky,4.390483433,4.975183997
Karachi,2/11/2023,17.33594935,68.68492371,1034.927364,shower rain,2.758915941,3.268828196
Karachi,2/12/2023,23.6315644,65.68512588,1020.443608,rain,1.140318853,5.134621154
Karachi,2/13/2023,15.66423585,78.95484153,1002.329738,clear sky,0.819610171,3.188495734
Karachi,2/14/2023,19.13413066,86.38455188,1022.535557,thunderstorm,3.912368508,2.085082042
Karachi,2/15/2023,15.19896898,51.00145345,1031.90084,clear sky,2.103294162,1.855025083
Karachi,2/16/2023,12.1411823,67.92955386,1005.286248,mist,6.981984657,4.719608783
Karachi,2/17/2023,28.49097512,48.32344068,992.1813364,clear sky,5.841305735,5.874445614
Karachi,2/18/2023,19.33895064,62.74252393,1007.512311,few clouds,1.486006261,3.023014502
Karachi,2/19/2023,28.47894345,53.17223166,1012.38259,few clouds,7.401943316,5.460583781
Karachi,2/20/2023,14.38549984,88.85908281,1023.667217,clear sky,1.709784228,3.748193026
Karachi,2/21/2023,21.98523525,87.73709465,1021.623786,few clouds,3.458602303,2.197082209
Karachi,2/22/2023,15.41655856,60.63930158,1009.979196,mist,3.378033286,2.890827898
Karachi,2/23/2023,25.43126016,36.79014835,999.9670979,broken clouds,6.174903408,4.462057326
Karachi,2/24/2023,25.32295081,58.72471593,1018.97655,scattered clouds,8.572599874,4.942119234
Karachi,2/25/2023,13.91432153,68.3451395,1009.625009,shower rain,1.51629101,3.502811068
Karachi,2/26/2023,27.5050957,36.24893169,1017.049363,shower rain,9.330151135,3.866787695
Karachi,2/27/2023,15.308704,78.27987855,1023.22126,shower rain,5.539383522,2.967575313
Karachi,2/28/2023,22.42061481,61.37681296,1004.931859,few clouds,2.33185655,2.927472217
Karachi,3/1/2023,44.77013792,25.3449395,989.3462476,clear sky,6.806025063,6.430019084
Karachi,3/2/2023,43.11834456,37.58498086,998.9709743,few clouds,7.795350245,9.992481624
Karachi,3/3/2023,44.30502286,23.24958307,988.371312,clear sky,8.326362469,5.368137545
Karachi,3/4/2023,34.48158034,31.93178839,1015.901597,mist,6.898532182,6.214755696
Karachi,3/5/2023,30.68921028,38.07559321,997.6928608,few clouds,3.324577182,3.872193033
Karachi,3/6/2023,32.01354997,48.20836239,1007.127665,few clouds,9.400513909,7.197619946
Karachi,3/7/2023,37.00791832,22.46175707,996.8770412,few clouds,5.986748567,9.57098268
Karachi,3/8/2023,41.69167485,29.43189345,998.4137688,clear sky,7.792733941,7.007389913
Karachi,3/9/2023,31.40245831,48.82011331,1004.574701,few clouds,3.765012066,7.117392247
Karachi,3/10/2023,39.55570452,36.97473985,992.793762,clear sky,7.566728265,6.249547247
Karachi,3/11/2023,34.17724166,36.89608774,990.0894039,clear sky,8.86371673,3.700342537
Karachi,3/12/2023,34.45923316,54.5203897,997.5966992,mist,7.30623068,4.579391332
Karachi,3/13/2023,39.59068368,24.69812522,985.5742421,clear sky,7.273232251,6.708370069
Karachi,3/14/2023,36.47199071,33.53533082,981.8698602,clear sky,13.7175853,6.986787724
Karachi,3/15/2023,41.99253269,28.61347143,985.5939003,broken clouds,13.00712059,6.86479471
Karachi,3/16/2023,31.49469615,33.44043727,999.633661,clear sky,8.275544976,5.055722264
Karachi,3/17/2023,41.63917232,34.28526926,999.3753208,scattered clouds,13.47632698,8.550166829
Karachi,3/18/2023,30.02776397,36.53287856,1010.058071,few clouds,7.337547771,4.227900664
Karachi,3/19/2023,32.10486208,35.29870278,1002.780152,broken clouds,6.510061521,3.092877979
Karachi,3/20/2023,39.49839543,27.16645857,999.7610892,clear sky,8.739350262,7.448402757
Karachi,3/21/2023,42.6788105,33.0658049,983.0646464,clear sky,7.237640204,7.241456221
Karachi,3/22/2023,33.04287404,37.01989436,1004.281536,scattered clouds,6.901881604,3.300324949
Karachi,3/23/2023,34.23506569,35.50984616,1009.411866,broken clouds,9.22644642,3.669007008
Karachi,3/24/2023,37.59393197,20.19907251,981.1116127,clear sky,10.93981789,7.549604473
Karachi,3/25/2023,32.3851649,44.14929291,1011.509966,few clouds,9.437248032,4.1737538
Karachi,3/26/2023,41.97850019,28.57291139,981.9973471,clear sky,8.569173696,9.387991471
Karachi,3/27/2023,41.37818632,24.67735487,982.8056462,clear sky,11.95137973,5.866462432
Karachi,3/28/2023,31.32466739,31.60956492,994.7906854,clear sky,7.540658307,3.100613159
Karachi,3/29/2023,36.42127571,28.58511749,998.5777965,broken clouds,11.70433844,7.237818847
Karachi,3/30/2023,41.39724427,35.76410222,993.6647109,clear sky,11.45042012,9.930815553
Karachi,3/31/2023,34.3972725,51.45846394,1009.662825,scattered clouds,4.551582725,6.169362632
Karachi,4/1/2023,39.12970916,37.2158978,991.1098699,rain,6.435908983,6.770148606
Karachi,4/2/2023,29.80340994,30.28748063,998.78418,mist,9.850397794,3.084340057
Karachi,4/3/2023,38.73902017,39.32838634,992.4177941,clear sky,5.452951288,7.424742199
Karachi,4/4/2023,31.44244768,40.24236758,1002.304492,mist,6.274155409,4.032330011
Karachi,4/5/2023,42.2893332,39.80795592,982.908323,few clouds,9.250803171,8.238770427
Karachi,4/6/2023,34.68719142,37.57858382,1010.687919,mist,5.520132708,5.915042469
Karachi,4/7/2023,33.5048618,44.14609163,993.887465,broken clouds,8.473886975,4.326068877
Karachi,4/8/2023,42.45422363,27.07855353,983.8133716,clear sky,12.45350288,5.344413671
Karachi,4/9/2023,29.80230437,40.67282145,1014.530979,mist,9.336574465,6.77509599
Karachi,4/10/2023,35.34574079,36.84564197,993.2023419,few clouds,8.954875262,7.927320473
Karachi,4/11/2023,34.92005665,52.39256819,1008.929735,clear sky,6.949256696,7.210631248
Karachi,4/12/2023,33.55680599,59.76454306,1002.546084,shower rain,9.246149331,4.299000078
Karachi,4/13/2023,43.58806931,32.27029365,987.9256104,broken clouds,14.93848063,8.264310324
Karachi,4/14/2023,41.0148543,29.26513209,993.8052522,clear sky,14.69294362,5.593402503
Karachi,4/15/2023,30.02277063,32.70221589,1012.200166,thunderstorm,8.024907099,4.45904954
Karachi,4/16/2023,40.43499919,39.93122839,990.204264,mist,6.432275578,8.282695559
Karachi,4/17/2023,37.43678613,31.03061306,999.3853849,clear sky,5.231860118,9.127906526
Karachi,4/18/2023,43.41388631,34.00954939,999.1139912,clear sky,13.25218356,6.604627509
Karachi,4/19/2023,34.00712988,42.20227162,1002.372885,clear sky,8.886594171,6.994267783
Karachi,4/20/2023,38.18659199,30.95431416,996.4124451,scattered clouds,12.46360908,8.388762301
Karachi,4/21/2023,37.0120844,38.85155464,990.8653568,mist,7.79923486,6.743373858
Karachi,4/22/2023,36.8329745,23.32838876,990.2351178,mist,11.3981786,9.381984689
Karachi,4/23/2023,36.29768639,25.84745169,981.0992812,clear sky,8.162484418,7.54614533
Karachi,4/24/2023,32.29007161,34.56179183,1007.219241,rain,6.154537723,6.241234113
Karachi,4/25/2023,41.09135876,35.84431808,998.0115586,rain,8.82435085,7.47815671
Karachi,4/26/2023,36.22137652,21.24090521,995.602677,clear sky,14.13640087,7.263599802
Karachi,4/27/2023,44.3362604,21.632633,995.7263429,clear sky,7.341573307,9.239888586
Karachi,4/28/2023,33.17293484,38.95482338,994.7978712,thunderstorm,7.043276332,4.473522075
Karachi,4/29/2023,39.92390143,30.28376362,987.1689889,broken clouds,8.60981529,5.183146112
Karachi,4/30/2023,44.05147327,28.12549601,984.6640983,clear sky,11.63071112,9.398913218
Karachi,5/1/2023,39.61533317,20.89632621,986.3183056,broken clouds,10.64563141,9.125119765
Karachi,5/2/2023,42.94036652,39.14983116,991.5907869,clear sky,14.23977681,6.832802373
Karachi,5/3/2023,42.23969536,39.05739041,987.2956763,scattered clouds,6.016121517,5.927255694
Karachi,5/4/2023,34.76188345,38.3806897,1006.820935,broken clouds,4.544485878,6.377668215
Karachi,5/5/2023,38.60198304,34.63051231,988.770025,clear sky,12.66347964,5.393804518
Karachi,5/6/2023,31.50018144,47.35726234,998.5984668,clear sky,5.581507879,5.118773778
Karachi,5/7/2023,37.56841412,24.7495339,981.9080687,clear sky,6.657837862,5.429311608
Karachi,5/8/2023,32.68675155,37.86514655,1016.755154,mist,6.523248815,5.989548377
Karachi,5/9/2023,40.89978904,29.82306349,980.2274673,clear sky,11.52142062,5.136041919
Karachi,5/10/2023,37.44893475,28.38473883,980.0330498,clear sky,5.448267142,8.146191878
Karachi,5/11/2023,35.5796378,25.82458656,996.5359548,rain,7.916218894,8.366027866
Karachi,5/12/2023,33.30075354,54.22534789,1019.904328,broken clouds,8.665957764,5.435722373
Karachi,5/13/2023,44.97917571,29.62925835,994.5420566,clear sky,10.20244567,5.875036646
Karachi,5/14/2023,30.14736833,49.64544187,990.4582151,rain,3.247654506,3.506969693
Karachi,5/15/2023,29.69697089,35.67820501,996.8007068,broken clouds,4.973657037,4.566461741
Karachi,5/16/2023,32.47611841,46.00522988,1019.154681,thunderstorm,7.473984592,5.326033398
Karachi,5/17/2023,44.53715934,26.35952099,996.172085,mist,6.993594696,8.211041584
Karachi,5/18/2023,44.66781069,30.52827221,991.3359969,rain,13.27391406,5.006250638
Karachi,5/19/2023,39.47884376,35.61651667,984.7372142,few clouds,11.76575907,8.555319596
Karachi,5/20/2023,43.08170668,35.3782642,980.2874041,mist,9.713790609,8.563559661
Karachi,5/21/2023,32.42338769,40.62662034,990.6258442,clear sky,9.409366467,5.222689032
Karachi,5/22/2023,44.55267351,33.88554234,992.2396173,few clouds,8.918007709,6.717032229
Karachi,5/23/2023,31.2845576,58.23869851,990.6549563,few clouds,4.645513874,7.211542823
Karachi,5/24/2023,30.61800301,48.7700799,1019.808904,scattered clouds,7.629820948,6.92293741
Karachi,5/25/2023,30.79538463,34.4523037,995.501515,few clouds,7.013066312,7.916380443
Karachi,5/26/2023,38.17004677,33.59417259,994.2141472,scattered clouds,8.352479009,6.859654027
Karachi,5/27/2023,41.49559041,22.09808773,983.1011944,scattered clouds,8.436645613,9.534163024
Karachi,5/28/2023,34.86667485,56.16331226,1006.202803,scattered clouds,5.78747216,3.437009429
Karachi,5/29/2023,44.6463358,30.33320992,981.6122258,clear sky,7.911385675,7.057330331
Karachi,5/30/2023,35.95072221,27.70281473,995.3355685,few clouds,12.10241406,7.326870594
Karachi,5/31/2023,31.40717681,31.71019784,1007.547633,clear sky,7.559508835,5.204371581
Karachi,6/1/2023,36.45546797,27.61567469,981.7233339,clear sky,9.407776525,8.125490942
Karachi,6/2/2023,39.86459465,38.06413336,996.9717238,rain,8.978546758,5.851039194
Karachi,6/3/2023,42.31561249,20.41965993,990.9403723,few clouds,8.650512694,9.332260859
Karachi,6/4/2023,36.34029264,29.49296316,998.4318462,scattered clouds,7.834683214,7.758820093
Karachi,6/5/2023,38.49770922,38.62316182,998.3324675,clear sky,5.856966632,9.52104774
Karachi,6/6/2023,33.27751539,41.84522999,1017.615234,thunderstorm,4.877432799,3.01315822
Karachi,6/7/2023,39.33466442,28.56351375,981.555704,scattered clouds,8.212013487,8.149940568
Karachi,6/8/2023,44.7755511,31.5712011,982.4191552,clear sky,10.47684006,7.062289234
Karachi,6/9/2023,29.78485716,43.88812001,1019.631174,clear sky,8.416519564,5.525495309
Karachi,6/10/2023,43.18449073,23.37203382,989.7520164,clear sky,8.957021448,8.719022554
Karachi,6/11/2023,37.99652004,20.37111078,984.7642811,broken clouds,14.44756906,6.135758742
Karachi,6/12/2023,33.03357855,48.29434974,1013.089935,rain,8.791449744,4.024497176
Karachi,6/13/2023,44.27823536,38.41613174,985.2857044,rain,14.84801848,8.515039089
Karachi,6/14/2023,36.73366885,22.12728266,994.5443138,clear sky,13.76203041,7.606828795
Karachi,6/15/2023,34.30704403,36.32858158,1015.118573,few clouds,7.317081645,4.16819549
Karachi,6/16/2023,31.90396205,41.10688457,1013.527901,rain,7.189355015,5.420093173
Karachi,6/17/2023,32.91123536,54.26226687,998.2214342,clear sky,3.906682887,5.297792029
Karachi,6/18/2023,42.32558467,25.38520633,988.0323715,clear sky,12.22399249,8.457222137
Karachi,6/19/2023,38.83056015,37.64108809,988.2650201,clear sky,11.00206858,5.013305518
Karachi,6/20/2023,43.61192991,21.09915749,989.8254584,scattered clouds,10.06932103,7.933801329
Karachi,6/21/2023,32.71149523,58.22869864,995.0211855,clear sky,7.853008108,6.028390753
Karachi,6/22/2023,30.93821718,46.82241234,1003.574102,rain,6.1083349,6.727550686
Karachi,6/23/2023,29.0974005,49.76333035,1005.32349,scattered clouds,6.667017637,7.44615233
Karachi,6/24/2023,37.1257926,27.35379045,990.6341799,scattered clouds,8.983523048,7.200948986
Karachi,6/25/2023,44.97291089,35.63988571,996.3980086,mist,12.17370893,6.712601122
Karachi,6/26/2023,40.1194443,23.331325,990.34669,clear sky,13.76610971,5.511601888
Karachi,6/27/2023,33.93431347,31.46735476,996.9235177,few clouds,8.885914574,4.684179224
Karachi,6/28/2023,43.02973733,27.91033886,993.2625748,broken clouds,12.86025272,5.342423322
Karachi,6/29/2023,41.50755626,37.07391428,995.9462829,rain,5.137877045,9.014101027
Karachi,6/30/2023,29.24664266,52.6478051,999.58115,few clouds,9.383163247,7.035030739
Karachi,7/1/2023,42.06976769,30.34311941,992.9061186,rain,7.748757207,7.086188286
Karachi,7/2/2023,33.80842812,47.16413241,994.4081399,shower rain,9.215817601,4.298206169
Karachi,7/3/2023,31.39477543,33.89678479,1000.257789,broken clouds,4.378776722,3.590100377
Karachi,7/4/2023,32.62129344,55.22044526,1017.276718,scattered clouds,6.07752026,7.25618583
Karachi,7/5/2023,36.49727687,35.73919366,998.2261633,clear sky,12.49398794,9.387476392
Karachi,7/6/2023,35.79788683,33.12940788,991.5064916,thunderstorm,11.40278945,6.331448073
Karachi,7/7/2023,33.62219679,43.98573109,1011.070544,mist,5.911453566,6.108802742
Karachi,7/8/2023,31.75549316,58.93377805,1015.620462,thunderstorm,7.750366997,4.293268324
Karachi,7/9/2023,41.19569263,37.58063944,999.1710637,broken clouds,10.4894951,6.125633136
Karachi,7/10/2023,44.84175654,32.88860987,989.7977288,clear sky,7.757363066,5.106040253
Karachi,7/11/2023,41.44466529,27.43601995,991.2315147,broken clouds,11.46329445,7.885797088
Karachi,7/12/2023,33.73499148,48.54066836,1002.469247,scattered clouds,4.429729604,3.749707716
Karachi,7/13/2023,32.91694338,47.2632278,992.1594581,thunderstorm,7.85791799,3.061855914
Karachi,7/14/2023,32.48265402,41.82725964,1002.684104,clear sky,3.021776143,3.524255822
Karachi,7/15/2023,31.18712119,39.20021915,1013.71882,scattered clouds,6.841407596,4.568845958
Karachi,7/16/2023,37.8212888,28.14021584,996.09771,mist,9.010676276,8.345815951
Karachi,7/17/2023,38.68640595,31.47822812,997.8475423,mist,8.031037738,6.013115267
Karachi,7/18/2023,40.28804257,28.56269689,981.0293341,broken clouds,10.15707967,9.437952813
Karachi,7/19/2023,39.88341393,25.27148976,990.5430918,clear sky,11.45311633,6.442442052
Karachi,7/20/2023,33.67733298,52.82889953,993.2227346,broken clouds,9.757185863,4.656131447
Karachi,7/21/2023,34.28497609,45.94402488,996.0222655,clear sky,8.831451429,4.0898859
Karachi,7/22/2023,39.90423257,21.35350326,998.00433,clear sky,12.17149883,6.269026685
Karachi,7/23/2023,34.59116225,41.04949517,1004.903738,rain,6.352768382,3.370675573
Karachi,7/24/2023,32.40197103,56.54740372,1012.756348,few clouds,5.745008838,4.473852894
Karachi,7/25/2023,34.98937846,52.65709594,991.9315232,shower rain,3.227707582,7.298087298
Karachi,7/26/2023,33.35334652,39.69740352,1002.504795,clear sky,5.513678321,6.442122707
Karachi,7/27/2023,30.41300354,58.14549456,1010.227208,broken clouds,8.938639971,7.376341019
Karachi,7/28/2023,42.28222244,21.53205817,982.6681296,mist,8.84024582,5.524295072
Karachi,7/29/2023,42.64978223,39.22469408,986.5163576,clear sky,9.615849991,7.278083154
Karachi,7/30/2023,32.5160048,37.37115277,991.9364342,scattered clouds,4.902840968,4.146274365
Karachi,7/31/2023,30.03635519,30.27282541,1009.540198,broken clouds,4.918929312,6.606077953
Karachi,8/1/2023,40.821239,28.67616073,999.4178252,clear sky,5.618717609,9.851189124
Karachi,8/2/2023,32.38445801,40.76911289,1014.811365,thunderstorm,7.296627479,7.076797395
Karachi,8/3/2023,35.29496783,30.7817801,999.4924623,rain,9.48069403,5.176390834
Karachi,8/4/2023,30.02616404,53.90318582,1015.368144,shower rain,7.241725652,4.583298473
Karachi,8/5/2023,32.62031336,55.27292406,1015.655874,shower rain,6.8282083,3.142898452
Karachi,8/6/2023,41.68643645,28.02459999,991.5435439,clear sky,12.98844587,5.200834835
Karachi,8/7/2023,41.87034315,28.59691487,990.3650462,broken clouds,12.51011912,5.397576521
Karachi,8/8/2023,32.3133572,34.44533191,1002.187628,scattered clouds,8.400176972,4.381634645
Karachi,8/9/2023,34.37462152,31.42642827,1014.542847,rain,6.494673049,4.521013838
Karachi,8/10/2023,31.14781471,49.23644971,995.4620284,shower rain,5.477169459,5.002267566
Karachi,8/11/2023,30.18676208,31.93312877,991.6867475,broken clouds,9.534056134,5.024655472
Karachi,8/12/2023,44.87474743,34.67660239,998.9578765,clear sky,5.542697737,8.857045059
Karachi,8/13/2023,39.48950322,30.7818029,980.0755637,few clouds,6.526213079,5.707016218
Karachi,8/14/2023,37.67354415,23.97165956,999.5365864,clear sky,9.195990922,5.788703079
Karachi,8/15/2023,41.24797601,30.79045887,994.5770674,clear sky,11.13957653,8.132945258
Karachi,8/16/2023,42.44123456,23.65995433,986.5699784,clear sky,5.082003748,7.858710761
Karachi,8/17/2023,41.90743629,28.77474415,993.9563969,scattered clouds,12.19322819,5.770023527
Karachi,8/18/2023,29.26463119,53.98680949,1014.536255,few clouds,6.9110858,7.261322134
Karachi,8/19/2023,31.98892637,43.8575788,997.3608617,mist,6.392919311,4.645297071
Karachi,8/20/2023,39.47848483,22.97398637,995.4179137,rain,9.234950388,6.834836743
Karachi,8/21/2023,35.01214956,34.47657364,996.0873925,thunderstorm,10.19487032,7.102300404
Karachi,8/22/2023,44.71972242,23.73536833,984.9870926,clear sky,6.617857345,6.613509354
Karachi,8/23/2023,39.64647668,34.77099749,980.8385271,clear sky,6.087117393,7.787275261
Karachi,8/24/2023,44.30478254,29.58704578,984.0824457,clear sky,7.896374788,6.943238616
Karachi,8/25/2023,32.22314371,43.61225277,996.0193923,clear sky,7.966533544,4.29717363
Karachi,8/26/2023,42.82331245,37.02870076,981.3048091,scattered clouds,10.88287884,9.522374339
Karachi,8/27/2023,34.14163689,51.25810573,1011.780222,thunderstorm,6.360861123,4.541753701
Karachi,8/28/2023,44.83303693,20.65821594,987.5994985,clear sky,10.71520966,8.492444627
Karachi,8/29/2023,31.52301875,38.88522944,1016.531585,clear sky,6.914806091,4.736133852
Karachi,8/30/2023,37.2614371,37.41841322,985.0434221,clear sky,8.070419255,7.176099934
Karachi,8/31/2023,41.68551254,20.36652337,989.0646433,rain,5.974559472,6.179717617
Karachi,9/1/2023,35.92227969,30.90506893,992.7803486,clear sky,13.96782369,8.761648097
Karachi,9/2/2023,36.48934496,34.55651338,997.549299,clear sky,10.99911263,8.686016257
Karachi,9/3/2023,44.78169273,32.43712171,990.492422,scattered clouds,11.97748,5.111199729
Karachi,9/4/2023,35.8049304,35.21064404,987.4704926,thunderstorm,9.639972244,5.300970202
Karachi,9/5/2023,38.66515361,34.51383698,997.3403016,rain,12.5648058,9.611882274
Karachi,9/6/2023,29.87263457,50.76092085,999.3073927,rain,7.091480848,7.444134236
Karachi,9/7/2023,42.47536128,36.43079722,981.588474,clear sky,5.538011221,7.530435964
Karachi,9/8/2023,39.37068878,32.91381337,988.9008422,broken clouds,13.90097035,7.466786958
Karachi,9/9/2023,35.46432165,28.04836989,995.7018661,clear sky,8.055361468,9.062120872
Karachi,9/10/2023,29.25871264,44.1572733,990.923425,broken clouds,3.965235442,3.692250734
Karachi,9/11/2023,38.46670113,34.33449565,991.7176449,scattered clouds,5.880410077,8.268495607
Karachi,9/12/2023,29.20252526,56.28918089,1007.833921,clear sky,8.043082197,5.379914972
Karachi,9/13/2023,29.01925782,38.16656403,1017.856253,broken clouds,7.927778568,6.716655147
Karachi,9/14/2023,38.85757699,26.84153592,985.7292963,clear sky,12.00162125,5.150513957
Karachi,9/15/2023,32.02427308,57.92218189,998.3650984,clear sky,9.410269409,5.963627749
Karachi,9/16/2023,32.0702008,47.35535377,1003.21451,scattered clouds,5.442601154,5.783641076
Karachi,9/17/2023,39.45234505,23.57923634,987.138298,mist,10.61133056,9.204241648
Karachi,9/18/2023,29.85915501,49.91085417,1012.090376,few clouds,7.336469081,6.384181488
Karachi,9/19/2023,34.01448898,59.72286467,1009.252562,few clouds,9.8563728,7.400801792
Karachi,9/20/2023,31.39091043,54.70360693,1012.767631,scattered clouds,5.186423006,7.436366608
Karachi,9/21/2023,38.28282192,34.91482273,996.4008358,broken clouds,14.563312,7.040820004
Karachi,9/22/2023,39.58824248,24.16093309,998.4596227,scattered clouds,6.487343331,5.687170669
Karachi,9/23/2023,40.53817366,37.52279569,988.6187346,broken clouds,12.64001456,8.151418279
Karachi,9/24/2023,33.08369947,45.77366531,1019.540922,shower rain,7.4302013,7.368730492
Karachi,9/25/2023,30.42799603,56.67870066,996.4698244,clear sky,8.718272261,3.374766721
Karachi,9/26/2023,30.25893851,39.89483488,1011.430955,rain,3.200799015,5.789616365
Karachi,9/27/2023,35.81842478,21.24102105,990.6801863,rain,5.781310429,5.574997633
Karachi,9/28/2023,44.13351055,29.51951937,996.3380119,few clouds,5.696957796,5.134979959
Karachi,9/29/2023,32.48366455,38.09512814,1004.303116,rain,7.150716188,6.39817677
Karachi,9/30/2023,33.10786562,51.45687869,1013.518159,mist,7.220552473,6.409248059
Karachi,10/1/2023,30.61422083,58.71319659,1017.905061,shower rain,9.342734225,6.003290225
Karachi,10/2/2023,38.68912438,33.81948302,994.6458853,scattered clouds,9.676035145,9.29611402
Karachi,10/3/2023,39.87796598,37.73867859,995.5218857,rain,5.68049055,5.404382199
Karachi,10/4/2023,39.28689933,29.06048027,981.3435086,clear sky,7.095294016,5.526301308
Karachi,10/5/2023,42.77808389,35.43281474,984.0991532,clear sky,5.080730948,9.32267719
Karachi,10/6/2023,36.78281336,36.86086873,999.4860748,rain,12.76714525,7.516383599
Karachi,10/7/2023,31.15131265,51.32626883,1010.79561,clear sky,8.709196058,4.365264044
Karachi,10/8/2023,33.63048209,45.23331858,1006.843471,clear sky,9.985582914,6.69078489
Karachi,10/9/2023,39.59887957,32.51732219,987.3395275,mist,9.121944491,9.472018613
Karachi,10/10/2023,38.80995158,34.01013991,980.88778,broken clouds,5.192983754,8.448016431
Karachi,10/11/2023,37.49605008,25.06168806,987.3827182,rain,7.347298815,8.959662983
Karachi,10/12/2023,39.9274307,36.19158522,989.9782575,scattered clouds,10.87768868,6.412486201
Karachi,10/13/2023,39.19825361,39.00649078,984.2291902,clear sky,14.61942967,6.443876797
Karachi,10/14/2023,43.10119823,29.3047863,983.4627358,mist,6.035785515,9.320619402
Karachi,10/15/2023,38.37626204,34.02134366,990.168331,mist,6.215730202,8.074314243
Karachi,10/16/2023,41.45762174,34.74051812,991.7180847,rain,12.01758985,6.170813758
Karachi,10/17/2023,32.9793145,49.86742643,997.1975376,mist,7.670449385,5.620809077
Karachi,10/18/2023,39.85092135,30.94230217,991.7477895,scattered clouds,7.505063553,8.429302357
Karachi,10/19/2023,43.43510589,37.63295909,998.0067993,mist,13.13144791,6.092745406
Karachi,10/20/2023,35.17171725,28.97853419,989.4634652,clear sky,6.287787555,8.274532041
Karachi,10/21/2023,41.465667,21.22205913,997.1478034,clear sky,14.25741845,5.210724249
Karachi,10/22/2023,40.59662882,36.89112751,998.5454289,clear sky,7.010319303,6.518458115
Karachi,10/23/2023,29.95241915,50.21943817,992.7718209,broken clouds,3.569466609,6.369859059
Karachi,10/24/2023,38.30413295,36.98517253,981.9162316,broken clouds,8.395220865,5.746745327
Karachi,10/25/2023,31.08302959,34.15642327,1004.281325,broken clouds,4.31488902,4.110995153
Karachi,10/26/2023,44.47710676,20.61505881,991.7620489,broken clouds,10.26941225,9.395466452
Karachi,10/27/2023,41.98252004,38.68749081,988.5176693,clear sky,11.86846537,8.371605497
Karachi,10/28/2023,30.75558082,34.43184918,999.7935231,thunderstorm,6.436451049,5.494593551
Karachi,10/29/2023,30.94803196,54.28956996,1009.229823,mist,7.624251323,4.054466961
Karachi,10/30/2023,38.51158168,36.46419884,980.0416302,clear sky,8.649205144,6.707048283
Karachi,10/31/2023,34.51822679,51.26115602,1019.042198,few clouds,3.195458181,5.871652491
Karachi,11/1/2023,29.55849375,33.93786633,996.9623726,thunderstorm,9.81844887,3.77656297
Karachi,11/2/2023,37.66626413,33.34797249,998.3419754,mist,13.19413505,7.408720399
Karachi,11/3/2023,35.20552159,37.78173167,982.1802949,clear sky,5.734188241,7.044871971
Karachi,11/4/2023,30.61722388,42.76594934,997.1426155,clear sky,6.144234773,5.383436707
Karachi,11/5/2023,41.83072628,28.27033709,984.697474,broken clouds,11.3501907,5.527804106
Karachi,11/6/2023,43.64122824,28.85716619,999.9230581,mist,6.905942706,5.532485435
Karachi,11/7/2023,41.10550294,21.64543781,980.0920109,clear sky,10.77988611,9.820554764
Karachi,11/8/2023,42.15875696,37.84051138,992.7927642,clear sky,10.33648618,9.896838669
Karachi,11/9/2023,32.46384908,56.07548592,1016.090597,scattered clouds,4.45785632,5.13082329
Karachi,11/10/2023,33.21716721,59.93727965,1010.16821,scattered clouds,3.988472165,6.944977268
Karachi,11/11/2023,32.33644064,47.55549424,1000.882015,few clouds,8.312736027,6.278957135
Karachi,11/12/2023,41.2410149,35.02383273,999.1661873,rain,8.225864461,5.584584273
Karachi,11/13/2023,44.16667326,24.05343813,997.8704151,mist,7.440405338,6.483393287
Karachi,11/14/2023,40.46939531,33.35057636,988.6790984,clear sky,12.37878353,6.568257043
Karachi,11/15/2023,43.10346824,32.99465698,991.4665699,clear sky,12.36068692,7.978872174
Karachi,11/16/2023,39.21918552,38.02417472,999.3503838,clear sky,7.764016563,7.899883562
Karachi,11/17/2023,35.20255841,36.61585446,999.6512072,thunderstorm,13.72568461,9.617543469
Karachi,11/18/2023,35.81218584,38.76932925,988.9964655,broken clouds,11.88250165,8.95018157
Karachi,11/19/2023,30.20514291,56.06500418,1015.420501,scattered clouds,5.420349525,7.284238323
Karachi,11/20/2023,29.50331512,56.06081685,999.0594068,scattered clouds,5.992427551,7.456143068
Karachi,11/21/2023,40.12760967,21.27446653,987.4362575,scattered clouds,12.26709686,9.006383363
Karachi,11/22/2023,36.01486227,36.91923905,983.2964377,clear sky,7.115838329,6.664406305
Karachi,11/23/2023,37.83544109,32.14956789,984.1836919,clear sky,9.687607925,6.075064857
Karachi,11/24/2023,37.92257996,27.60888904,993.137466,clear sky,11.53558342,7.85883669
Karachi,11/25/2023,33.43801301,31.69543873,1005.323449,rain,6.776489836,6.447841582
Karachi,11/26/2023,36.61428017,33.5534755,984.6226372,broken clouds,11.08328346,6.932839845
Karachi,11/27/2023,36.53216355,26.56403501,988.0581923,broken clouds,10.46212499,9.24169325
Karachi,11/28/2023,35.21483554,29.3555253,987.4636692,rain,6.992274438,9.802832964
Karachi,11/29/2023,42.13080613,33.63456874,999.7472041,scattered clouds,9.10205345,7.846978631
Karachi,11/30/2023,36.21862406,38.23549094,997.0713167,clear sky,10.31985495,7.282960311
Karachi,12/1/2023,22.26195692,83.01747662,1015.518653,broken clouds,5.460439196,5.214435585
Karachi,12/2/2023,27.22384205,43.51791387,1017.417497,rain,7.57732966,3.121347735
Karachi,12/3/2023,26.72597159,41.63349472,1000.279062,thunderstorm,5.986136616,3.645063079
Karachi,12/4/2023,27.13717746,37.19339217,1010.037045,scattered clouds,9.820798825,7.228288295
Karachi,12/5/2023,16.59008494,64.89707005,1038.666,thunderstorm,0.754568652,4.660142928
Karachi,12/6/2023,12.5947023,54.44185549,1015.611155,shower rain,1.44763408,3.080683491
Karachi,12/7/2023,16.4381356,88.84422033,1027.195399,thunderstorm,2.38918827,5.444259289
Karachi,12/8/2023,16.73802488,72.95669776,1011.836952,thunderstorm,1.600004539,2.757291438
Karachi,12/9/2023,27.45912555,33.83417528,997.9893695,rain,7.378093978,6.169226789
Karachi,12/10/2023,23.03712646,64.11224037,1022.966267,mist,0.276855105,4.171672352
Karachi,12/11/2023,13.38896731,71.88156574,1039.170584,rain,1.24205749,1.921659463
Karachi,12/12/2023,14.30143613,71.31542547,1018.125354,shower rain,2.053430664,2.424258681
Karachi,12/13/2023,14.64649413,51.42013475,1037.505479,scattered clouds,4.783420426,5.580034613
Karachi,12/14/2023,22.71716972,88.03364137,1036.574541,scattered clouds,6.131054178,1.917074269
Karachi,12/15/2023,24.50203843,61.01502726,1010.150504,broken clouds,5.589442394,1.867873109
Karachi,12/16/2023,26.61394648,30.48554007,1002.054582,broken clouds,4.274566533,5.398077369
Karachi,12/17/2023,27.99082136,32.29332027,1009.299074,rain,6.957840309,3.460986841
Karachi,12/18/2023,15.42897748,73.20779613,1020.721835,clear sky,0.210158517,5.473130945
Karachi,12/19/2023,17.26613224,55.51142083,1003.838341,broken clouds,2.173757427,1.500745692
Karachi,12/20/2023,16.08548897,51.66899171,1039.747921,scattered clouds,5.641886564,4.082787384
Karachi,12/21/2023,18.09894665,65.18505866,1030.10616,rain,3.196659996,2.698909282
Karachi,12/22/2023,27.54930683,48.68283577,1003.130821,clear sky,4.049589256,7.021364427
Karachi,12/23/2023,21.77691364,54.47359219,1024.726742,mist,3.06987367,3.949053729
Karachi,12/24/2023,24.54926225,62.53311329,1003.502913,mist,1.386230478,2.941530705
Karachi,12/25/2023,20.33202701,66.71042686,1019.812066,scattered clouds,2.752340205,5.919364923
Karachi,12/26/2023,12.49058453,56.37840391,1037.233297,mist,3.414834309,1.331154942
Karachi,12/27/2023,13.09132326,70.24295594,1035.864038,broken clouds,2.446906788,3.888931516
Karachi,12/28/2023,21.14469153,53.40856348,1013.495234,broken clouds,6.558782653,5.947841558
Karachi,12/29/2023,24.21941359,51.86073985,1021.254715,broken clouds,3.937712083,4.454763216
Karachi,12/30/2023,15.66061897,70.79341469,1027.895341,rain,5.900248718,4.698848158
Karachi,12/31/2023,24.27246276,59.91587891,1013.600371,shower rain,5.325099829,1.160455723
Karachi,1/1/2024,25.78131815,32.86121424,991.9463765,broken clouds,7.628164165,3.106815815
Karachi,1/2/2024,19.00225713,66.9565035,1020.217666,clear sky,3.478221238,1.18055056
Karachi,1/3/2024,24.68912696,86.60562958,1024.065429,clear sky,0.015216486,5.958619511
Karachi,1/4/2024,18.86850916,78.96769787,1000.233664,rain,4.294273204,5.897598804
Karachi,1/5/2024,23.5319607,82.62463661,1003.823015,shower rain,2.491702171,2.672544629
Karachi,1/6/2024,24.98794984,84.87655955,1008.291626,thunderstorm,0.824335168,2.454909081
Karachi,1/7/2024,28.86275251,59.17883224,1000.441569,clear sky,6.112383845,3.729793728
Karachi,1/8/2024,17.87174326,80.52986294,1021.642049,clear sky,5.148873256,2.645701496
Karachi,1/9/2024,18.98769327,74.33631688,1011.753717,thunderstorm,6.731744563,2.850749653
Karachi,1/10/2024,14.81554101,64.61703521,1011.047353,mist,2.618734238,4.741414084
Karachi,1/11/2024,15.46924199,57.26572946,1034.773974,rain,3.799063091,5.331467765
Karachi,1/12/2024,23.78771504,77.46639496,1005.802026,rain,5.958710684,4.733675599
Karachi,1/13/2024,27.58977503,59.84849958,1004.863804,few clouds,5.33799594,6.232375505
Karachi,1/14/2024,18.70828418,68.69434738,1038.112989,clear sky,0.995800715,4.82950039
Karachi,1/15/2024,15.0573556,78.94717472,1025.00053,few clouds,1.973172819,4.692487396
Karachi,1/16/2024,16.84669149,69.803698,1028.688219,thunderstorm,6.293859809,3.378748469
Karachi,1/17/2024,19.73587898,67.27733693,1017.24948,scattered clouds,1.115751759,2.679257012
Karachi,1/18/2024,16.9410556,66.41222454,1000.797287,broken clouds,2.304547427,2.413903584
Karachi,1/19/2024,15.97084441,70.18498732,1025.845215,mist,3.252482174,4.396777298
Karachi,1/20/2024,24.51173631,64.67582647,1025.276971,mist,5.929792564,5.796520622
Karachi,1/21/2024,12.13336366,79.95093287,1004.417105,clear sky,6.563992986,3.905273595
Karachi,1/22/2024,21.16691896,84.97088106,1018.486389,shower rain,2.980672167,5.562632512
Karachi,1/23/2024,25.49403572,56.4865592,1017.459868,shower rain,9.523678338,3.071146855
Karachi,1/24/2024,16.52588087,59.10794854,1008.203393,mist,1.130213664,4.972353234
Karachi,1/25/2024,22.25595568,85.83636555,1018.44395,rain,1.097966043,5.26801329
Karachi,1/26/2024,23.3713018,63.66204927,1018.444127,mist,6.644755737,4.15496919
Karachi,1/27/2024,23.13541984,62.37230662,1032.430459,thunderstorm,3.567760935,5.670304997
Karachi,1/28/2024,19.57944378,79.0702423,1032.983035,thunderstorm,1.301354847,3.949564964
Karachi,1/29/2024,17.89182579,62.1878536,1030.370777,clear sky,3.415932594,2.202684513
Karachi,1/30/2024,26.21070924,31.58899217,1000.963625,shower rain,8.482478088,4.078586147
Karachi,1/31/2024,24.89358127,64.94471089,1002.881477,clear sky,5.78844256,3.779181333
Karachi,2/1/2024,17.46133795,78.85862401,1013.979319,mist,6.047784797,5.532419652
Karachi,2/2/2024,13.75132631,63.07833681,1027.191648,scattered clouds,3.986996322,1.361839729
Karachi,2/3/2024,13.22072827,75.18236224,1028.109863,clear sky,6.068622101,4.021952561
Karachi,2/4/2024,13.60269162,76.40477777,1038.600008,scattered clouds,3.570211462,4.849017365
Karachi,2/5/2024,21.90877914,79.34944047,1018.145649,broken clouds,4.249419317,1.577010348
Karachi,2/6/2024,12.87825699,85.88521865,1025.297423,clear sky,5.311038616,1.583848454
Karachi,2/7/2024,17.72775687,67.30257997,1021.567635,clear sky,2.978047049,2.830639983
Karachi,2/8/2024,24.80439493,56.65728307,1006.024742,thunderstorm,0.51507041,2.369405868
Karachi,2/9/2024,17.00391883,62.75702862,1018.448099,shower rain,2.451164498,1.991570794
Karachi,2/10/2024,24.97623731,67.28669021,1021.793406,scattered clouds,4.367609518,1.993470868
Karachi,2/11/2024,24.67293965,78.55565877,1038.029984,shower rain,1.346326587,1.653345162
Karachi,2/12/2024,16.17906125,50.52488502,1014.661562,thunderstorm,1.038697544,4.054270065
Karachi,2/13/2024,24.38997706,62.63141534,1039.203964,broken clouds,2.051563812,4.440628018
Karachi,2/14/2024,24.71220285,81.19370324,1021.692003,shower rain,0.224780236,4.514681134
Karachi,2/15/2024,18.75671674,76.83430813,1009.69877,mist,5.203960287,3.661769881
Karachi,2/16/2024,15.57714822,79.26959894,1007.666575,clear sky,1.811009215,5.764531348
Karachi,2/17/2024,20.86160372,82.47243078,1005.667797,few clouds,0.869668776,5.402663888
Karachi,2/18/2024,27.663759,53.49707157,1003.587986,rain,7.893905912,7.788155713
Karachi,2/19/2024,22.87348445,77.28732665,1000.877057,broken clouds,5.900496088,2.943977391
Karachi,2/20/2024,14.93968246,67.58646129,1017.801811,scattered clouds,0.139129171,5.3889158
Karachi,2/21/2024,23.60686772,89.34393316,1039.536188,broken clouds,1.635198395,4.814373497
Karachi,2/22/2024,19.26245146,72.76292782,1026.804272,thunderstorm,6.616626274,2.699864515
Karachi,2/23/2024,22.05598956,58.11076837,1030.391445,clear sky,2.696778952,1.532966293
Karachi,2/24/2024,24.4790886,61.7125142,1004.760216,clear sky,6.570144444,4.413106249
Karachi,2/25/2024,20.75410498,77.74249824,1018.924034,rain,1.919487769,1.682261621
Karachi,2/26/2024,25.83772757,57.74218696,998.586693,clear sky,4.526473449,4.468879035
Karachi,2/27/2024,24.27664485,57.14880517,1035.763901,rain,1.498758882,3.501822882
Karachi,2/28/2024,22.45624678,53.29385983,1007.251699,mist,0.596600623,4.399412676
Karachi,2/29/2024,14.56347787,85.26124192,1018.349333,mist,6.27502602,5.631138286
Karachi,3/1/2024,42.37518577,38.30555958,991.7609544,mist,14.79835023,7.966200224
Karachi,3/2/2024,43.97448937,25.52758691,990.2808218,clear sky,14.54508807,8.357065498
Karachi,3/3/2024,31.19144198,41.31857173,1014.907306,scattered clouds,8.964196979,4.550069251
Karachi,3/4/2024,36.81185807,33.20375995,984.6290634,clear sky,13.46887908,8.436463082
Karachi,3/5/2024,33.14221987,39.89790063,1001.321733,shower rain,7.62759827,5.188950604
Karachi,3/6/2024,41.07237292,37.54317417,995.8416859,clear sky,13.26213712,9.284655914
Karachi,3/7/2024,40.54607418,22.15157405,990.5614282,scattered clouds,7.083423643,6.96225257
Karachi,3/8/2024,31.25416193,31.13946663,1002.063522,few clouds,5.715388413,5.341360108
Karachi,3/9/2024,43.03243634,24.16972413,980.5888503,clear sky,11.40836293,7.162938785
Karachi,3/10/2024,31.89556902,38.58263335,1012.601563,shower rain,9.123399328,7.055614172
Karachi,3/11/2024,41.75614441,22.25853183,999.4436416,clear sky,11.60469462,9.768495985
Karachi,3/12/2024,36.31168575,21.31380859,992.4057402,mist,13.39021958,6.636381505
Karachi,3/13/2024,34.2523567,52.66823141,1015.696237,broken clouds,6.317646611,5.375139504
Karachi,3/14/2024,31.5318282,34.92829698,1005.506272,thunderstorm,8.021126164,6.529631333
Karachi,3/15/2024,31.6818281,57.41766597,996.950429,clear sky,9.859865645,7.47690811
Karachi,3/16/2024,39.59024888,27.35999323,980.2888421,scattered clouds,6.534885571,7.468503484
Karachi,3/17/2024,37.80688621,33.41211619,993.0679654,clear sky,14.26920692,5.544467541
Karachi,3/18/2024,30.95336675,36.76206344,1004.793265,clear sky,6.656547635,4.843356918
Karachi,3/19/2024,30.80316577,37.20968305,1013.462944,few clouds,7.502526215,5.751809427
Karachi,3/20/2024,30.1569692,47.24127609,1010.840473,clear sky,9.145083048,5.08762303
Karachi,3/21/2024,40.90027756,31.2128585,999.7590474,clear sky,9.096541726,5.932778634
Karachi,3/22/2024,40.39011336,35.37458456,990.2062517,broken clouds,9.186925749,5.184947477
Karachi,3/23/2024,29.93489585,52.73439917,1002.815244,scattered clouds,6.690272854,6.43704333
Karachi,3/24/2024,37.96432121,33.41375529,985.7347938,few clouds,5.191020845,9.963685954
Karachi,3/25/2024,30.35481848,43.47391698,1004.305839,scattered clouds,6.476663267,7.596033169
Karachi,3/26/2024,43.45993233,37.81280773,997.4574296,clear sky,7.91087265,8.416354554
Karachi,3/27/2024,43.51387871,32.4515698,980.8487945,scattered clouds,14.27954182,9.207649043
Karachi,3/28/2024,40.17172784,39.80396981,999.5580009,mist,5.877352988,6.278638092
Karachi,3/29/2024,43.81902274,36.38739636,999.8661439,clear sky,9.59320462,8.11217218
Karachi,3/30/2024,41.98324849,20.88619622,991.9564276,scattered clouds,14.4746817,5.303021077
Karachi,3/31/2024,42.25661721,26.41187814,986.6308841,clear sky,14.0103525,8.535919637
Karachi,4/1/2024,38.11532561,31.43751433,984.4609794,rain,12.01348442,9.849361695
Karachi,4/2/2024,33.89694717,51.64408614,998.2947119,few clouds,7.125527364,7.303986536
Karachi,4/3/2024,32.48478584,46.51009493,991.5031628,broken clouds,4.96511656,5.672204374
Karachi,4/4/2024,34.23520035,53.58391267,1004.253329,clear sky,5.568699789,6.943701097
Karachi,4/5/2024,39.05592688,25.65311306,981.1464854,rain,5.901348648,9.71949405
Karachi,4/6/2024,31.76250457,35.51736154,1011.554226,few clouds,8.502758084,4.08008789
Karachi,4/7/2024,33.13824379,31.61750051,1001.157884,broken clouds,5.267088375,6.966292565
Karachi,4/8/2024,36.4889738,31.46627489,983.9872946,few clouds,11.67781899,6.34923479
Karachi,4/9/2024,32.72880158,50.65798562,1006.345607,scattered clouds,5.50316344,7.38473711
Karachi,4/10/2024,38.41829872,26.52299434,999.4751861,clear sky,9.643304414,5.491772528
Karachi,4/11/2024,43.77081646,32.2716837,993.902621,rain,10.55002472,5.891092094
Karachi,4/12/2024,40.96942985,21.04314462,989.834937,clear sky,13.01852408,8.603082317
Karachi,4/13/2024,39.66282583,21.98586693,995.538286,broken clouds,7.111563775,5.873887519
Karachi,4/14/2024,38.32354362,34.03509545,994.7495294,rain,8.987653868,5.79027151
Karachi,4/15/2024,36.80716655,27.3613941,997.8347092,rain,6.300815719,7.777334387
Karachi,4/16/2024,31.98502175,50.14002093,996.1400684,clear sky,3.530323534,7.174936189
Karachi,4/17/2024,43.31536729,36.63442241,997.1775515,few clouds,11.04674356,6.342337126
Karachi,4/18/2024,32.97657603,55.57867312,999.0307826,broken clouds,4.323637311,7.205690914
Karachi,4/19/2024,30.46094204,35.16502936,1018.229968,mist,3.418595393,7.039766983
Karachi,4/20/2024,41.00024287,29.72571145,985.621303,clear sky,13.97097931,7.895527005
Karachi,4/21/2024,31.80984855,52.01780171,1017.805456,clear sky,6.740200938,6.232813768
Karachi,4/22/2024,34.95033599,53.21941789,1018.913721,shower rain,3.942397452,3.202205933
Karachi,4/23/2024,29.45255885,53.54027942,994.3647407,clear sky,3.373982892,4.835677792
Karachi,4/24/2024,31.19308708,36.84502003,1019.234996,rain,3.839020374,4.316974656
Karachi,4/25/2024,31.77125809,35.77604453,992.5716891,mist,6.299360682,3.750019304
Karachi,4/26/2024,29.87056204,47.70037405,996.5570336,few clouds,7.679256786,4.948296646
Karachi,4/27/2024,39.50651131,34.82171595,988.8833756,rain,11.41280075,6.774520982
Karachi,4/28/2024,42.39212473,26.38279031,999.8719473,clear sky,6.444230863,8.644458391
Karachi,4/29/2024,34.9730465,33.14115471,1004.656892,scattered clouds,7.434422663,5.990481702
Karachi,4/30/2024,42.99322363,34.33492766,991.0081889,clear sky,9.048656242,9.565500344
Karachi,5/1/2024,32.41354519,38.99093494,1010.832748,few clouds,6.25320649,3.727037915
Karachi,5/2/2024,34.20624678,34.99088173,1019.048807,rain,8.610012844,3.298743027
Karachi,5/3/2024,31.41179189,34.43170585,1013.500542,shower rain,5.327495609,5.673038937
Karachi,5/4/2024,38.92894713,26.29819095,984.4830801,broken clouds,6.469990472,5.005135693
Karachi,5/5/2024,35.71791345,31.85356132,986.0598186,mist,13.73453134,8.938594716
Karachi,5/6/2024,38.81253355,27.16804477,981.9525648,mist,7.121305759,7.529864443
Karachi,5/7/2024,41.18679849,20.41323703,992.8890473,broken clouds,7.940298706,7.44032788
Karachi,5/8/2024,37.73124826,21.93816869,983.6148061,mist,12.06590059,6.812479894
Karachi,5/9/2024,39.04208568,25.81006494,985.1480978,clear sky,11.83550317,6.874869181
Karachi,5/10/2024,43.96400503,33.19408964,997.7622731,mist,13.00400021,7.155668391
Karachi,5/11/2024,33.78502895,32.9554522,999.8026703,mist,4.28706649,3.080161722
Karachi,5/12/2024,34.74662302,46.81970561,1006.999402,mist,5.465959253,3.417728936
Karachi,5/13/2024,40.48325379,22.39771742,987.9513202,clear sky,6.25883239,7.5252401
Karachi,5/14/2024,38.78088827,24.23230655,981.4806257,mist,10.41039147,5.750611326
Karachi,5/15/2024,31.85652647,35.16565583,1000.885915,shower rain,5.047994148,6.893813042
Karachi,5/16/2024,35.01835696,21.34457271,988.1613641,scattered clouds,11.88935641,6.37242587
Karachi,5/17/2024,36.48540821,33.42659635,997.914022,clear sky,5.00344368,5.489498187
Karachi,5/18/2024,35.71023741,29.26807095,986.4890131,broken clouds,5.596829985,6.17604963
Karachi,5/19/2024,31.85239693,54.93160323,1001.377234,shower rain,6.027922104,4.785491151
Karachi,5/20/2024,43.79088147,21.9778168,995.6579354,scattered clouds,14.58184156,5.176583043
Karachi,5/21/2024,41.19710019,22.89465867,995.179133,few clouds,13.90851387,5.708377622
Karachi,5/22/2024,36.70169331,26.12915463,995.9657055,mist,14.94009028,6.619233772
Karachi,5/23/2024,39.88097645,35.31731974,999.0754148,rain,9.168302249,6.552402369
Karachi,5/24/2024,43.35652275,26.11517646,995.91115,rain,5.465684863,9.001933483
Multan,5/26/2019,24.13200527,66.3367483,1016.304328,few clouds,2.141692994,5.216277377
Multan,5/27/2019,26.75858017,39.04810699,1014.645256,few clouds,7.730395965,3.967092996
Multan,5/28/2019,33.48212869,32.40672875,1005.260239,broken clouds,3.946146668,3.61969942
Multan,5/29/2019,39.37723854,38.78867246,985.5542807,mist,7.999721788,8.170812422
Multan,5/30/2019,21.8338626,71.94155968,1012.116683,broken clouds,0.393163152,5.023117778
Multan,5/31/2019,43.63241745,35.75666376,984.4768478,clear sky,9.749670384,9.818615486
Multan,6/1/2019,31.46285187,49.75071277,994.3497887,rain,4.462444744,3.033981424
Multan,6/2/2019,29.26231623,45.42762837,995.5347124,clear sky,3.638736188,5.068390567
Multan,6/3/2019,27.73266207,32.6903477,991.8953415,scattered clouds,5.878510666,6.66993917
Multan,6/4/2019,25.01020428,49.28200636,1016.653526,clear sky,5.458577831,7.142796494
Multan,6/5/2019,39.20619991,23.10740712,998.6201562,scattered clouds,10.37517737,5.311429743
Multan,6/6/2019,42.97452579,28.28766339,991.7354078,clear sky,12.49038655,8.403072597
Multan,6/7/2019,30.51382936,48.8733943,1015.214687,clear sky,3.787981155,4.444693587
Multan,6/8/2019,42.90567598,35.64458001,983.6714221,clear sky,12.9112559,5.372984797
Multan,6/9/2019,39.94734516,33.70090351,998.0334765,rain,5.262899799,7.445512909
Multan,6/10/2019,32.06417593,50.14600587,1005.190847,shower rain,6.101713317,3.790766716
Multan,6/11/2019,36.50260212,22.98084418,981.3432999,clear sky,10.87430287,8.68503759
Multan,6/12/2019,31.00463612,40.3838562,994.2393823,rain,9.698990712,6.706308998
Multan,6/13/2019,33.85063839,31.28736818,999.2692938,rain,7.017461188,7.210338825
Multan,6/14/2019,22.33506575,78.77907573,1001.742303,few clouds,1.111244353,2.887843426
Multan,6/15/2019,37.01405993,39.05171963,986.1858676,rain,10.17541805,5.066548986
Multan,6/16/2019,22.21496682,60.56441561,1002.397217,rain,2.77048763,2.298679692
Multan,6/17/2019,39.79295378,21.75393418,984.7205521,clear sky,9.793555676,7.339058498
Multan,6/18/2019,39.97377938,29.51140154,985.3133951,clear sky,6.970970147,8.470056397
Multan,6/19/2019,26.45277761,55.70094669,1019.831069,rain,6.505789296,4.910202928
Multan,6/20/2019,28.44424396,46.55922586,997.0664002,shower rain,4.05027835,5.68024198
Multan,6/21/2019,32.07013871,31.40331451,997.1755935,shower rain,8.208301565,5.621317937
Multan,6/22/2019,34.72324686,59.22816722,1010.603669,thunderstorm,7.157343822,3.824911747
Multan,6/23/2019,27.60913422,54.8594973,1015.780724,shower rain,3.549693841,6.1152475
Multan,6/24/2019,34.62718731,33.94782231,1001.611662,rain,9.227301276,5.196258641
Multan,6/25/2019,27.84910268,57.6539327,1016.268541,broken clouds,7.314657232,7.039593508
Multan,6/26/2019,22.27628658,68.02753154,1013.605681,clear sky,2.212749386,4.453056041
Multan,6/27/2019,21.05813365,64.87591962,1007.880635,broken clouds,0.319496797,1.557345931
Multan,6/28/2019,23.32647433,68.44213322,1013.185553,mist,4.42558687,3.44379205
Multan,6/29/2019,39.2217661,36.69143914,992.1871275,clear sky,8.734402613,8.512471792
Multan,6/30/2019,43.11292018,33.18959357,987.3428632,clear sky,14.07618105,5.435058629
Multan,7/1/2019,30.82022258,31.77745357,1010.186814,mist,3.244144829,6.962485163
Multan,7/2/2019,32.79173093,58.72813113,997.1080764,scattered clouds,3.273717047,4.110022573
Multan,7/3/2019,24.37750789,55.91136534,1028.039716,few clouds,6.645095008,3.515423977
Multan,7/4/2019,33.67372111,52.36703855,1000.423151,clear sky,9.75411762,7.702806437
Multan,7/5/2019,24.32706275,75.44546122,1018.234735,clear sky,0.194195587,3.856671174
Multan,7/6/2019,35.05792962,23.75056096,991.1549028,few clouds,12.16033235,7.120272259
Multan,7/7/2019,42.46494935,23.41464152,993.7245001,broken clouds,7.214948523,5.033974637
Multan,7/8/2019,25.5010664,56.10982781,997.1614108,broken clouds,7.909749364,3.667068114
Multan,7/9/2019,38.58496552,28.39389847,996.7189107,clear sky,13.68732797,7.893319425
Multan,7/10/2019,21.54055572,76.18306057,1028.87371,shower rain,0.705820352,3.469125203
Multan,7/11/2019,29.63643655,45.12213012,997.0229376,broken clouds,4.671364917,4.819145878
Multan,7/12/2019,23.54721568,79.09414068,1038.998983,shower rain,0.168543678,5.616079427
Multan,7/13/2019,29.10693516,44.37727125,1009.94391,shower rain,3.306808918,4.662412687
Multan,7/14/2019,24.99134915,61.49519661,1018.097075,broken clouds,0.207325008,3.685753782
Multan,7/15/2019,29.58601477,40.90150113,994.7258198,scattered clouds,8.604776495,5.843567048
Multan,7/16/2019,30.60302454,55.77233083,1005.99663,few clouds,5.088048749,5.63734195
Multan,7/17/2019,27.91359582,44.04104079,994.9432766,broken clouds,6.452480077,5.387926958
Multan,7/18/2019,36.10230484,24.26898664,988.5898336,clear sky,12.87844264,6.68531868
Multan,7/19/2019,42.13359718,38.69210776,988.1742505,few clouds,9.949436627,9.543818165
Multan,7/20/2019,30.2136936,53.89801369,1011.598189,mist,6.004372438,5.254016309
Multan,7/21/2019,25.4238926,31.66998438,995.7714954,broken clouds,3.081012445,5.642244337
Multan,7/22/2019,27.22662344,59.96828886,1014.656141,broken clouds,6.976276518,6.282389919
Multan,7/23/2019,40.64201894,33.89853393,986.5226465,few clouds,6.247430781,5.338280212
Multan,7/24/2019,34.14771364,34.80799797,1003.319659,scattered clouds,8.352537686,6.906440707
Multan,7/25/2019,31.46525374,37.11503044,1013.170229,few clouds,4.804164067,5.56253655
Multan,7/26/2019,24.44164459,77.69781925,1025.015696,thunderstorm,4.719311876,4.285884679
Multan,7/27/2019,31.34372809,53.39283166,999.2407606,rain,7.523564695,6.860060327
Multan,7/28/2019,27.40531608,37.17107829,1001.586088,broken clouds,7.316729221,7.370496954
Multan,7/29/2019,42.69275194,25.13937708,986.1157363,clear sky,7.669520075,6.961102085
Multan,7/30/2019,41.33361252,26.1424139,991.8954033,mist,7.670897772,9.057149463
Multan,7/31/2019,22.92975846,73.92073459,1013.304981,few clouds,6.041336304,2.294184478
Multan,8/1/2019,32.88303025,35.15448535,1011.770931,clear sky,3.089651328,6.301678255
Multan,8/2/2019,26.17634195,33.12729597,1007.393615,rain,4.270658434,3.513536503
Multan,8/3/2019,30.44787306,50.36592267,994.3711984,clear sky,7.271196423,3.100152337
Multan,8/4/2019,41.16750396,35.5819588,986.2053724,mist,13.17046254,5.478815631
Multan,8/5/2019,33.13283396,45.02788213,996.6434233,shower rain,5.508418561,4.596912433
Multan,8/6/2019,28.68695175,40.91498131,1001.709396,rain,7.57410421,3.155473069
Multan,8/7/2019,25.78143214,42.96128141,1005.479523,mist,6.900094937,6.152456361
Multan,8/8/2019,39.40747177,27.76815668,990.1352571,clear sky,5.645401045,6.582722692
Multan,8/9/2019,35.36391435,39.19969816,995.0904735,rain,11.21750197,8.681880339
Multan,8/10/2019,31.76550559,53.04269716,995.6751559,broken clouds,8.697324306,3.229575681
Multan,8/11/2019,26.00214014,36.24261645,1018.394185,mist,9.947138242,4.083507833
Multan,8/12/2019,28.68766661,41.52567456,1000.285353,broken clouds,3.207480509,5.040017127
Multan,8/13/2019,43.07639881,30.88024583,986.0049769,scattered clouds,11.60058173,6.913257811
Multan,8/14/2019,32.96206856,48.38957586,1010.555357,broken clouds,5.901846872,3.654993364
Multan,8/15/2019,30.21608347,44.04551688,1014.165499,clear sky,3.068515221,7.970684068
Multan,8/16/2019,32.99270697,54.30379905,1001.354153,few clouds,7.300526606,4.422197904
Multan,8/17/2019,38.91673564,35.35212039,994.9369395,broken clouds,6.224272986,8.605160423
Multan,8/18/2019,28.82250554,45.15473756,1016.512079,clear sky,5.649967951,4.100133486
Multan,8/19/2019,25.11024078,55.6328816,1013.00411,rain,4.829569647,7.389256054
Multan,8/20/2019,34.45353072,52.53268591,991.0258946,broken clouds,5.528143816,4.938791551
Multan,8/21/2019,36.29969438,35.57163697,996.5473782,rain,9.926955815,9.504512445
Multan,8/22/2019,37.39251407,39.12801559,995.4896192,mist,8.592095325,6.709174598
Multan,8/23/2019,41.28571459,25.32933882,993.3858048,broken clouds,10.52731871,5.043219107
Multan,8/24/2019,29.53700478,38.02944487,1012.800673,shower rain,4.670547832,5.585102155
Multan,8/25/2019,22.73316261,85.55809023,1039.177016,few clouds,4.447532372,3.623939681
Multan,8/26/2019,43.04201742,35.44452747,988.6222578,clear sky,13.53763004,5.599170914
Multan,8/27/2019,31.00527433,57.79636624,992.016697,clear sky,4.568469328,4.174817867
Multan,8/28/2019,35.33492272,21.26260321,989.2177994,clear sky,10.07877216,8.917477955
Multan,8/29/2019,36.32502243,32.55514155,980.9286731,clear sky,11.48689785,5.183779123
Multan,8/30/2019,33.5698153,34.33885014,998.8275122,clear sky,6.952382918,5.447633433
Multan,8/31/2019,25.72092318,45.11691595,1007.606394,thunderstorm,5.559546123,5.652040617
Multan,9/1/2019,38.36829015,23.11493864,986.1924579,rain,11.42199708,8.443560303
Multan,9/2/2019,39.48629541,22.56157018,993.7079049,few clouds,5.282462062,5.187281337
Multan,9/3/2019,33.71843848,30.36505036,1014.65959,shower rain,5.589343624,5.928231635
Multan,9/4/2019,32.23690669,48.90716437,1002.613175,shower rain,6.728285502,3.015490183
Multan,9/5/2019,23.62057821,64.36090467,1036.005518,few clouds,0.144292112,2.325891836
Multan,9/6/2019,22.93088821,54.2075314,1003.193557,rain,3.553541808,3.498421277
Multan,9/7/2019,28.80999145,39.68513333,1015.203395,shower rain,7.579781225,7.556406687
Multan,9/8/2019,28.14946158,35.06832274,1014.857194,few clouds,8.314453884,3.63294908
Multan,9/9/2019,42.93409837,38.83389663,986.4398779,clear sky,6.133740814,5.846445645
Multan,9/10/2019,39.02332308,26.40009772,985.9743037,clear sky,14.90564875,8.346250322
Multan,9/11/2019,36.17825879,26.67907047,986.1018996,mist,11.06167701,6.874308469
Multan,9/12/2019,32.90590605,55.1957401,1014.341811,mist,5.542356548,6.11710701
Multan,9/13/2019,24.84945321,75.91023045,1033.26614,clear sky,1.743649981,5.987270836
Multan,9/14/2019,43.50450346,34.20343215,986.5944492,mist,10.72896862,9.934358307
Multan,9/15/2019,29.62593606,49.08005412,1007.77771,scattered clouds,9.17198153,4.768567897
Multan,9/16/2019,23.45928886,87.84785136,1005.557329,scattered clouds,3.643957773,3.519626769
Multan,9/17/2019,32.3573746,36.21002495,1004.063362,clear sky,7.630304389,7.523450793
Multan,9/18/2019,41.10195427,39.78078484,999.975857,broken clouds,8.576964395,5.460838312
Multan,9/19/2019,41.40769304,36.61912355,983.176783,clear sky,8.881522881,7.261519519
Multan,9/20/2019,21.25221607,73.55890356,1037.902506,clear sky,2.00322574,2.887886742
Multan,9/21/2019,41.38480213,33.24743249,996.4850944,clear sky,12.05637294,6.474413863
Multan,9/22/2019,27.244137,49.4647763,1019.16644,rain,5.514312874,7.97102106
Multan,9/23/2019,21.89636437,52.33584896,1007.18315,rain,1.335014828,4.66774647
Multan,9/24/2019,40.49917622,24.36032997,984.2703698,scattered clouds,8.694005712,6.943734962
Multan,9/25/2019,40.86893539,39.22941769,980.3373436,clear sky,13.53827208,9.145109458
Multan,9/26/2019,34.71331484,46.03093287,1011.741054,scattered clouds,8.167764305,5.448330504
Multan,9/27/2019,34.21197642,41.3506081,1009.322841,clear sky,5.342485911,7.364122062
Multan,9/28/2019,39.70176627,35.24076927,983.5613088,clear sky,14.06808965,6.331899228
Multan,9/29/2019,39.08511971,30.49037885,995.8228993,scattered clouds,5.748326351,6.118001137
Multan,9/30/2019,41.47242589,20.26325543,985.9839101,few clouds,5.497537914,6.236433406
Multan,10/1/2019,33.71319129,52.0871279,994.0498671,shower rain,3.892292483,5.692402881
Multan,10/2/2019,43.25588313,34.6443512,988.4512533,scattered clouds,6.164547559,6.456566956
Multan,10/3/2019,43.91137711,23.30297424,981.819397,broken clouds,5.87834315,5.735598421
Multan,10/4/2019,23.68052603,88.26640354,1010.529746,few clouds,4.629398284,5.973139593
Multan,10/5/2019,40.53950647,24.47816263,987.4266672,rain,11.0084238,9.502166137
Multan,10/6/2019,32.49591193,43.73248102,1015.555925,thunderstorm,7.533238574,6.175062187
Multan,10/7/2019,29.91402578,33.44207884,1013.776462,shower rain,7.818562379,7.45771437
Multan,10/8/2019,35.10066313,32.06564639,988.8550857,few clouds,12.56879752,9.677313688
Multan,10/9/2019,22.28720782,65.0180448,1028.983002,rain,1.450238492,4.380541459
Multan,10/10/2019,32.64860573,40.59520387,1007.059489,shower rain,7.356124593,5.593398893
Multan,10/11/2019,41.03048311,36.53953754,986.8168371,clear sky,10.80048659,9.410008961
Multan,10/12/2019,25.90961487,30.28685139,1011.77623,thunderstorm,9.605620181,5.838984985
Multan,10/13/2019,30.80696758,53.93840313,1010.504975,clear sky,4.62657407,3.634002714
Multan,10/14/2019,42.60806042,31.42897131,992.3818888,clear sky,5.587229344,6.834280002
Multan,10/15/2019,30.85696827,59.5829554,1008.538666,mist,7.574465488,5.229604759
Multan,10/16/2019,29.24245554,47.68329662,1010.48946,mist,8.181209882,7.676845081
Multan,10/17/2019,31.13234291,31.66137402,1001.536365,scattered clouds,4.982372041,6.295927362
Multan,10/18/2019,32.94741363,31.51935979,1016.072274,few clouds,6.995939017,7.376387814
Multan,10/19/2019,35.53580092,37.66305973,983.2461569,broken clouds,5.595360655,8.787958504
Multan,10/20/2019,39.41593442,36.82428291,997.6777093,rain,14.60044841,6.549304433
Multan,10/21/2019,31.39835073,40.37670227,1000.268455,shower rain,3.769474813,6.593544965
Multan,10/22/2019,39.80206151,32.36064968,982.5006323,clear sky,5.675705362,5.97649868
Multan,10/23/2019,33.27557521,44.68774071,1008.000822,shower rain,3.308771116,5.040729059
Multan,10/24/2019,28.78505174,59.01492165,1001.2796,few clouds,5.990903346,7.030459286
Multan,10/25/2019,36.13286905,38.99921802,996.3099945,few clouds,5.971597435,8.05964581
Multan,10/26/2019,37.50761186,39.67678017,988.6157094,clear sky,12.44648241,9.12706253
Multan,10/27/2019,33.83512644,55.99346342,1010.056876,rain,9.292119124,4.273517912
Multan,10/28/2019,22.30214438,86.38206363,1012.33032,few clouds,1.821532526,4.748744162
Multan,10/29/2019,24.90730613,58.69115115,1008.378095,shower rain,4.401411835,2.011621807
Multan,10/30/2019,27.56184758,54.93020367,1001.641471,thunderstorm,3.296369129,5.726520862
Multan,10/31/2019,27.50038894,51.2657134,1008.204235,thunderstorm,5.705951302,5.167672972
Multan,11/1/2019,36.48867841,39.25573018,993.1389348,scattered clouds,7.929421134,7.782379289
Multan,11/2/2019,21.42201922,72.85047314,1023.128267,clear sky,1.600333675,1.67766712
Multan,11/3/2019,38.38068087,21.70334333,999.7611144,clear sky,11.4472349,6.806139378
Multan,11/4/2019,27.10287692,47.92196674,1010.732706,broken clouds,3.911595625,6.334519154
Multan,11/5/2019,28.13050246,50.59742784,1017.945589,mist,9.024973663,5.79265397
Multan,11/6/2019,33.14192604,36.60963086,993.5379958,few clouds,7.653851345,5.744848795
Multan,11/7/2019,25.96628882,41.82340151,991.8411879,clear sky,7.975146251,5.554150561
Multan,11/8/2019,41.34284021,31.97006828,986.219894,clear sky,14.35344309,9.71942455
Multan,11/9/2019,22.96348192,64.96422949,1005.463558,scattered clouds,6.596610101,5.67284849
Multan,11/10/2019,31.22079433,41.24843152,1005.776056,clear sky,6.861566267,4.800724864
Multan,11/11/2019,40.5367122,22.66173278,990.3796251,mist,9.953798173,6.759475058
Multan,11/12/2019,35.16440957,38.81493446,991.5009433,mist,8.353816082,7.774492283
Multan,11/13/2019,27.72357886,52.51483153,1012.356836,thunderstorm,8.009001271,3.478031421
Multan,11/14/2019,30.67748478,30.03730317,1019.139891,mist,6.767462209,4.515033504
Multan,11/15/2019,37.25397075,35.31226568,997.5651738,clear sky,14.3287508,6.154337829
Multan,11/16/2019,43.3849971,34.79589985,982.3673448,mist,7.386259487,6.116948342
Multan,11/17/2019,41.54219052,20.1946192,986.7702738,broken clouds,8.102526863,8.192527629
Multan,11/18/2019,28.87595459,41.08812893,997.6746908,clear sky,5.212633132,4.921751672
Multan,11/19/2019,43.95855122,32.13495381,983.5363472,clear sky,13.05998455,5.855821874
Multan,11/20/2019,21.08060726,68.11002607,1021.788995,thunderstorm,0.693282323,5.437859225
Multan,11/21/2019,21.63548438,81.11944475,1022.130576,clear sky,3.189543847,5.37074344
Multan,11/22/2019,39.94833185,28.50916665,984.5448966,clear sky,9.27580737,9.312314618
Multan,11/23/2019,25.5876418,34.61588908,1011.356918,broken clouds,3.511977347,4.953724711
Multan,11/24/2019,22.39769317,89.05662497,1029.316572,scattered clouds,2.87557899,1.284912268
Multan,11/25/2019,26.45440568,37.26119978,990.6293998,few clouds,6.593645883,3.533710089
Multan,11/26/2019,30.80030354,51.53076932,1001.872731,clear sky,3.455732848,4.380240399
Multan,11/27/2019,37.80302422,22.86312623,997.8028128,clear sky,10.09862128,6.099850021
Multan,11/28/2019,35.35971711,26.58025228,990.4063722,mist,14.59237905,9.369928101
Multan,11/29/2019,26.465288,43.26082825,1000.428834,scattered clouds,9.852400262,7.931790902
Multan,11/30/2019,32.57522031,35.76696014,997.6102845,scattered clouds,6.72175845,7.083368312
Multan,12/1/2019,19.74563979,67.99838305,1009.734181,scattered clouds,3.605678528,4.649244514
Multan,12/2/2019,17.85513221,56.28651292,1003.990721,shower rain,1.998557165,3.9431207
Multan,12/3/2019,9.494226342,72.36026156,1032.689057,rain,6.979808302,4.849541496
Multan,12/4/2019,20.69849754,76.5485301,1003.466296,clear sky,1.919604197,5.735166561
Multan,12/5/2019,16.04654681,52.49737136,1011.691791,mist,3.170309103,4.00672335
Multan,12/6/2019,5.061639046,84.84528484,1001.82703,scattered clouds,0.020538405,1.77306622
Multan,12/7/2019,4.597732126,57.4056354,1031.255463,rain,2.444626036,1.819291586
Multan,12/8/2019,6.862935133,59.01449701,1001.571347,thunderstorm,0.500082104,3.919314016
Multan,12/9/2019,16.37354976,76.4539936,1012.332044,rain,5.206773393,2.667342699
Multan,12/10/2019,7.123561739,68.75004242,1022.931895,clear sky,3.927101171,5.551236876
Multan,12/11/2019,12.69527508,69.97582397,1016.382454,shower rain,4.005203141,4.058211669
Multan,12/12/2019,5.585422043,55.12619938,1011.290843,broken clouds,2.005579001,4.382463067
Multan,12/13/2019,19.65506468,82.22943288,1011.007563,thunderstorm,5.704274032,1.029103551
Multan,12/14/2019,9.847330431,74.68216984,1031.911612,clear sky,0.022896477,3.49424276
Multan,12/15/2019,19.43824496,55.41528173,1038.959124,clear sky,2.335208254,3.155823607
Multan,12/16/2019,20.06288591,64.95997468,1013.921643,broken clouds,4.616482433,4.529359284
Multan,12/17/2019,4.104187004,82.41639731,1001.565821,mist,6.355457762,2.913193302
Multan,12/18/2019,11.89029818,72.73420184,1001.462631,scattered clouds,1.642311698,5.882875159
Multan,12/19/2019,4.419152947,54.34595117,1030.368537,clear sky,3.787700362,4.351015908
Multan,12/20/2019,19.44777703,64.91108183,1022.094793,scattered clouds,3.765939944,4.299591666
Multan,12/21/2019,12.81292826,59.70777594,1031.343706,clear sky,6.119220583,5.596705724
Multan,12/22/2019,5.274048216,70.69862215,1027.89988,few clouds,0.353618227,5.976024169
Multan,12/23/2019,5.874704381,83.73444515,1036.300254,shower rain,2.971328927,1.989103446
Multan,12/24/2019,10.51965342,67.45068539,1035.432972,few clouds,1.277259724,5.052665716
Multan,12/25/2019,19.98398128,67.33368121,1031.533096,mist,0.150728202,1.811597477
Multan,12/26/2019,15.77945558,86.21403609,1019.007566,broken clouds,1.029216584,3.285217265
Multan,12/27/2019,18.74952073,73.0474165,1012.325056,clear sky,6.83529471,1.500927022
Multan,12/28/2019,10.22976299,72.6476435,1020.281071,rain,1.503939567,4.116854892
Multan,12/29/2019,4.734632892,60.47639568,1020.082864,rain,6.545215413,3.342590817
Multan,12/30/2019,20.56339983,74.30890991,1024.411022,scattered clouds,1.436780398,4.143494742
Multan,12/31/2019,4.291940841,73.0364187,1007.443903,mist,6.519066592,4.389803763
Multan,1/1/2020,20.1100781,65.87405881,1026.224795,rain,4.582346546,4.09716125
Multan,1/2/2020,10.26751621,89.62782264,1018.264037,rain,0.792530043,2.470145613
Multan,1/3/2020,4.171536885,85.2756386,1024.808193,shower rain,4.073406086,5.184795786
Multan,1/4/2020,15.71567294,79.9834516,1009.584193,broken clouds,2.229598263,3.758430997
Multan,1/5/2020,20.66918517,71.49382354,1017.375796,broken clouds,2.682072092,3.449255866
Multan,1/6/2020,20.41563729,68.48239208,1008.408049,few clouds,3.081196705,5.935319021
Multan,1/7/2020,6.73592919,57.39589581,1035.012206,thunderstorm,2.958949158,2.417539534
Multan,1/8/2020,7.081212703,62.22949896,1019.518442,rain,4.648762233,3.640151524
Multan,1/9/2020,13.61416155,80.95843199,1008.999257,rain,5.37857648,4.411622893
Multan,1/10/2020,14.83418205,68.14995816,1001.648348,rain,2.304243824,1.626129665
Multan,1/11/2020,16.57010453,85.29078066,1027.029547,thunderstorm,6.470547732,2.771198621
Multan,1/12/2020,7.077856128,55.91644545,1008.585789,few clouds,6.569264198,5.00844358
Multan,1/13/2020,20.30312047,70.33388384,1039.583288,broken clouds,0.28483306,2.183791173
Multan,1/14/2020,14.85856736,75.87862736,1021.348015,thunderstorm,0.104361522,3.466451825
Multan,1/15/2020,18.39979762,70.67393825,1011.55908,clear sky,2.975464311,4.15315303
Multan,1/16/2020,13.18111716,85.56907566,1026.307097,thunderstorm,4.134516757,4.355811767
Multan,1/17/2020,11.04270641,89.58253127,1011.008797,scattered clouds,1.945333232,4.64155221
Multan,1/18/2020,20.61210941,54.63338633,1032.810972,shower rain,1.815896258,5.329886585
Multan,1/19/2020,13.8960633,55.19819616,1012.329442,clear sky,4.748336808,2.964297215
Multan,1/20/2020,18.73685091,55.21296454,1039.529909,shower rain,4.211929993,4.53315963
Multan,1/21/2020,20.20597074,77.24708384,1024.205791,clear sky,1.170028125,4.660873239
Multan,1/22/2020,15.48102866,64.90704382,1033.776446,clear sky,6.191506743,2.501370651
Multan,1/23/2020,13.33195753,79.33258645,1002.912619,rain,4.759832491,5.840789751
Multan,1/24/2020,4.059684465,66.21885892,1013.931977,scattered clouds,2.538033744,5.326095868
Multan,1/25/2020,4.680333893,75.10426885,1029.499483,few clouds,4.78537283,2.449306643
Multan,1/26/2020,7.414470673,80.79432023,1026.202361,scattered clouds,0.788571607,4.375343383
Multan,1/27/2020,7.162143342,71.92863643,1007.769725,broken clouds,3.277792872,4.589003172
Multan,1/28/2020,8.330899518,71.58014362,1014.248117,clear sky,1.182890867,3.157418181
Multan,1/29/2020,9.183888841,53.52937301,1010.537736,clear sky,0.290018723,5.31871643
Multan,1/30/2020,10.12111339,66.43126972,1024.534807,few clouds,2.368283892,4.451146768
Multan,1/31/2020,11.14914073,71.83108613,1013.782729,rain,1.055148384,4.290773426
Multan,2/1/2020,5.680727754,68.47923303,1012.36217,few clouds,4.434625699,2.104201861
Multan,2/2/2020,4.720152843,86.03128001,1008.295119,few clouds,4.718475258,3.039211557
Multan,2/3/2020,15.45705563,86.26122528,1016.361085,thunderstorm,1.040846144,3.169612446
Multan,2/4/2020,13.13469202,82.87669522,1007.820104,clear sky,0.172291039,4.668305483
Multan,2/5/2020,11.55045144,65.01192301,1038.502783,rain,5.549673931,4.091972726
Multan,2/6/2020,14.785479,78.69196607,1006.180072,thunderstorm,0.014399145,1.429302953
Multan,2/7/2020,18.07054992,65.81153844,1036.532189,clear sky,2.407391624,2.538489759
Multan,2/8/2020,11.27077945,59.30374396,1017.138924,clear sky,3.462083086,3.365237522
Multan,2/9/2020,14.89903091,63.71610574,1015.11464,shower rain,5.73049532,4.683664729
Multan,2/10/2020,20.21072781,52.83858533,1009.252792,clear sky,5.869910499,4.71784565
Multan,2/11/2020,18.27361643,63.27110036,1025.430253,shower rain,5.074576084,3.452716543
Multan,2/12/2020,11.24201378,68.42968869,1027.421121,clear sky,1.730383358,1.584661911
Multan,2/13/2020,14.96018624,88.21923579,1018.702838,scattered clouds,5.04130854,2.464517017
Multan,2/14/2020,7.010205673,62.53642345,1002.228276,broken clouds,1.725774385,2.273461911
Multan,2/15/2020,13.52887714,86.09814157,1036.740406,few clouds,1.502257342,4.905132052
Multan,2/16/2020,20.68258095,59.15433103,1039.213165,few clouds,3.82989568,1.89993157
Multan,2/17/2020,12.81135696,57.63875591,1017.241737,scattered clouds,4.751981107,3.324606112
Multan,2/18/2020,19.76985109,70.75981826,1024.546432,rain,0.371362361,4.353594018
Multan,2/19/2020,10.92469365,76.90045477,1018.011945,scattered clouds,0.420158208,5.823930765
Multan,2/20/2020,20.98036206,51.77329003,1012.875186,rain,5.489194808,5.996202901
Multan,2/21/2020,13.8467406,58.8426346,1003.092752,few clouds,6.016480757,5.764610718
Multan,2/22/2020,4.718572902,68.22734666,1018.242709,clear sky,4.231086414,4.591211726
Multan,2/23/2020,13.97483154,63.24017344,1032.735382,broken clouds,3.001796068,4.732204165
Multan,2/24/2020,8.667735827,78.50484317,1000.681258,rain,5.917215357,4.796050488
Multan,2/25/2020,4.552182475,70.44642384,1023.284307,shower rain,5.101719229,5.313024383
Multan,2/26/2020,17.95450618,56.41436422,1035.230884,rain,4.057159389,5.758927314
Multan,2/27/2020,8.687403829,85.77861517,1008.701977,shower rain,2.238299854,3.228530723
Multan,2/28/2020,17.54132542,61.71622702,1007.330235,rain,1.385965432,3.08255439
Multan,2/29/2020,8.89969891,79.24524436,1030.891065,few clouds,2.930711275,3.302322312
Multan,3/1/2020,25.46950614,53.39747337,997.6525929,scattered clouds,5.007758032,6.299085857
Multan,3/2/2020,43.4005182,39.26315401,983.8396854,broken clouds,8.392585877,8.877226981
Multan,3/3/2020,29.31784254,44.955224,1001.339678,clear sky,6.609417387,7.352721955
Multan,3/4/2020,34.83165286,48.47506546,1001.77506,broken clouds,4.183657699,5.281053771
Multan,3/5/2020,35.02957433,26.69752587,997.4820213,broken clouds,13.0617668,6.816863131
Multan,3/6/2020,33.89089009,50.3453788,1008.553304,scattered clouds,4.018706232,7.916763074
Multan,3/7/2020,42.0380021,29.26766972,988.1192291,clear sky,9.809936394,6.159438105
Multan,3/8/2020,36.51214464,28.75304729,990.6877593,mist,12.45971338,6.110024176
Multan,3/9/2020,30.28585909,55.66402587,1018.618957,mist,6.395144954,6.577037274
Multan,3/10/2020,40.83474884,21.00337687,982.2642935,clear sky,8.610220636,5.898286478
Multan,3/11/2020,25.16444668,56.45887283,996.2314657,clear sky,6.324239141,4.997044999
Multan,3/12/2020,33.51744543,55.56209513,1018.875861,rain,8.940694892,4.461934112
Multan,3/13/2020,42.86265855,30.12732507,999.146497,clear sky,14.90431698,5.843552284
Multan,3/14/2020,35.38414549,29.80405708,983.5433084,clear sky,11.31143289,7.898536195
Multan,3/15/2020,39.79027436,27.23614736,982.9021763,clear sky,12.93444043,6.867557454
Multan,3/16/2020,36.03189669,39.88347583,988.4217027,rain,5.144886862,7.311170864
Multan,3/17/2020,40.30552986,22.22338666,980.9943658,scattered clouds,13.8036441,5.979315024
Multan,3/18/2020,42.72322124,31.80430471,993.0980706,clear sky,14.5404976,8.839334013
Multan,3/19/2020,27.27719973,50.4504477,992.3248806,few clouds,7.026185392,4.573560417
Multan,3/20/2020,24.90220487,87.37320033,1002.321185,thunderstorm,5.276634034,2.713590895
Multan,3/21/2020,32.13178726,53.40610491,1004.555608,scattered clouds,6.589213201,4.260769811
Multan,3/22/2020,37.14283582,32.87694406,999.1557327,scattered clouds,7.862037405,7.172017861
Multan,3/23/2020,26.22539882,33.5043695,1002.803878,scattered clouds,8.965735804,5.317883136
Multan,3/24/2020,21.09433336,64.94934067,1014.259246,rain,4.177856984,3.648334582
Multan,3/25/2020,28.88750766,34.16524928,1019.938701,thunderstorm,7.055681587,7.83784141
Multan,3/26/2020,43.28376472,37.62425465,990.6393792,rain,11.59132204,9.52345904
Multan,3/27/2020,36.98425159,34.99242311,987.5048281,broken clouds,13.56003166,8.046963155
Multan,3/28/2020,30.23048521,52.7261036,1001.575824,rain,8.12334288,3.194517339
Multan,3/29/2020,25.42925024,49.56769553,995.8487849,rain,4.47786936,6.061301704
Multan,3/30/2020,29.1900625,45.21130611,1005.366692,shower rain,6.267764811,3.448343034
Multan,3/31/2020,24.90630697,55.99884238,1017.554201,few clouds,6.862088324,4.551721193
Multan,4/1/2020,23.44503389,63.18779547,1010.831812,clear sky,3.881924996,2.950388233
Multan,4/2/2020,41.85507457,22.73831585,983.2108017,clear sky,14.38245353,9.188482458
Multan,4/3/2020,43.94595778,34.49826286,986.2247774,clear sky,13.13369486,9.712646226
Multan,4/4/2020,24.77463211,56.40915104,1020.347333,broken clouds,4.662164093,3.085551707
Multan,4/5/2020,22.25401885,78.08454201,1002.333331,mist,2.445556419,3.302776477
Multan,4/6/2020,28.58381546,50.76766169,994.6123209,shower rain,5.130235433,5.950737905
Multan,4/7/2020,31.61816116,43.77913437,1018.429718,shower rain,7.503947457,3.985663609
Multan,4/8/2020,25.71088868,34.05685962,1006.285661,scattered clouds,6.027928686,7.636664204
Multan,4/9/2020,27.93277297,39.44402478,991.9034791,shower rain,8.59127536,5.164999633
Multan,4/10/2020,25.62002692,39.60279327,1010.792633,thunderstorm,8.323197177,3.83410168
Multan,4/11/2020,38.80799307,34.00770266,981.2360574,clear sky,8.121304867,8.813659167
Multan,4/12/2020,37.38929269,22.27486039,994.7774845,clear sky,12.02728783,6.095756862
Multan,4/13/2020,35.60388486,36.58137292,994.9992544,mist,9.945501901,5.717646375
Multan,4/14/2020,29.90601071,52.83021871,1009.532369,mist,5.263044706,5.814360377
Multan,4/15/2020,41.90794165,23.72613836,994.6440909,clear sky,9.129665928,8.357476276
Multan,4/16/2020,43.29924846,34.38328764,981.7593156,clear sky,13.95351867,7.847813703
Multan,4/17/2020,24.99370419,76.74052726,1029.071222,rain,2.516623845,4.282553245
Multan,4/18/2020,26.12929075,52.443624,994.1006496,broken clouds,5.011794913,3.577620062
Multan,4/19/2020,33.08951364,35.66785666,1000.185177,scattered clouds,5.462650545,5.380090189
Multan,4/20/2020,23.09876309,56.30361289,1037.70981,broken clouds,1.502329053,2.78509322
Multan,4/21/2020,31.03831317,37.09451958,1005.086264,rain,6.812444912,7.866843081
Multan,4/22/2020,34.38119909,40.97615109,1019.022793,shower rain,4.032055054,3.248119671
Multan,4/23/2020,33.00769214,53.80994943,992.6676738,few clouds,8.722106505,4.491471015
Multan,4/24/2020,28.61089741,52.13771812,1004.326698,scattered clouds,4.579061731,7.70931097
Multan,4/25/2020,33.47625354,57.76354777,991.8720696,rain,7.186385193,7.917480916
Multan,4/26/2020,43.05242195,21.17259118,992.6042052,mist,6.250254989,9.124508039
Multan,4/27/2020,25.7384003,30.34668843,992.36121,clear sky,9.849172038,3.37999122
Multan,4/28/2020,36.06112124,33.98277659,983.5073561,clear sky,9.545754589,7.806775142
Multan,4/29/2020,21.99812397,61.17149983,1010.353212,broken clouds,5.755199385,3.000614963
Multan,4/30/2020,22.5275773,63.36315582,1029.949754,mist,5.38053485,5.032262838
Multan,5/1/2020,33.69204916,46.40406078,994.9188636,clear sky,7.99585133,3.275121178
Multan,5/2/2020,23.41360115,54.09652493,1033.865282,rain,5.791554098,1.985643758
Multan,5/3/2020,21.51397613,75.70777666,1005.276158,mist,0.703245261,3.445975331
Multan,5/4/2020,24.94479895,63.00589785,1001.409778,few clouds,4.749480382,1.788238315
Multan,5/5/2020,33.99153093,48.98145373,1001.851363,rain,4.860790647,6.463575713
Multan,5/6/2020,37.17684195,36.68013826,999.5888328,few clouds,12.85871664,9.103836106
Multan,5/7/2020,25.65700698,35.13334,993.3102668,clear sky,9.698081319,6.522599468
Multan,5/8/2020,36.36996706,38.61746186,982.0343689,few clouds,14.0148953,7.201418568
Multan,5/9/2020,25.19695562,45.92064423,1012.534995,scattered clouds,3.804665557,7.391938331
Multan,5/10/2020,35.10952081,38.4585553,986.2432339,scattered clouds,8.695524207,5.688430659
Multan,5/11/2020,30.47507264,36.23190247,1011.518449,mist,5.5502593,4.301692919
Multan,5/12/2020,36.03738871,32.09125329,984.0002118,rain,6.222962664,7.447698426
Multan,5/13/2020,43.88621331,28.07774235,989.2014399,clear sky,5.981260533,5.306692994
Multan,5/14/2020,42.5697902,35.48444382,985.3057976,mist,8.84890135,5.478428908
Multan,5/15/2020,21.09848043,74.23635773,1018.061129,scattered clouds,6.944500853,2.987216859
Multan,5/16/2020,41.36509158,29.89030914,995.3819419,clear sky,10.68942651,9.719431484
Multan,5/17/2020,22.52928829,86.51941626,1030.480398,shower rain,4.3524714,5.542068466
Multan,5/18/2020,42.92007148,27.54234128,990.3154458,clear sky,9.7101891,7.329874291
Multan,5/19/2020,27.48199062,36.59940615,1017.851155,broken clouds,7.636313866,3.710792723
Multan,5/20/2020,29.7868011,48.24303561,997.9135231,thunderstorm,9.696634565,3.89053828
Multan,5/21/2020,23.10767872,74.96113749,1009.612454,clear sky,4.120885675,2.887730273
Multan,5/22/2020,23.58227344,67.56378486,1024.552256,few clouds,0.455269218,2.050370975
Multan,5/23/2020,37.715033,29.73220087,992.4259407,few clouds,9.928905692,5.414877972
Multan,5/24/2020,42.71964142,39.19106829,980.9308008,rain,14.92751273,8.368887418
Multan,5/25/2020,35.04721538,34.65371383,992.1555542,scattered clouds,8.874027206,7.907243189
Multan,5/26/2020,37.46455036,22.21203503,987.4887231,broken clouds,10.93881237,6.45648379
Multan,5/27/2020,38.52530413,24.24260142,994.9488505,clear sky,6.066367634,8.894741913
Multan,5/28/2020,27.04472831,59.26729903,1014.24317,clear sky,3.988263491,6.879744439
Multan,5/29/2020,22.04028151,79.05862215,1022.086153,clear sky,6.122770172,3.455009851
Multan,5/30/2020,21.04307311,86.60180505,1000.068201,few clouds,2.102412398,1.482662778
Multan,5/31/2020,29.06493351,39.11584392,1009.090974,shower rain,5.138158913,7.592347001
Multan,6/1/2020,26.55367725,52.2560058,1012.466438,mist,5.710490972,6.343302618
Multan,6/2/2020,22.43330768,78.56010834,1009.959331,shower rain,6.76535071,2.235254096
Multan,6/3/2020,25.12915073,38.84069956,1003.93938,mist,3.590733472,6.052272735
Multan,6/4/2020,23.86347466,72.03265302,1038.629065,shower rain,5.731348718,3.025107479
Multan,6/5/2020,42.04220275,32.54830223,985.9623111,scattered clouds,8.415578765,8.176748199
Multan,6/6/2020,24.22614591,69.24527243,1008.92613,shower rain,5.946276182,3.369354479
Multan,6/7/2020,33.36591467,54.8153612,996.3256437,rain,9.942289547,5.427360751
Multan,6/8/2020,34.64143697,54.98607125,1006.764025,shower rain,5.440671871,6.67941046
Multan,6/9/2020,33.50025753,55.51801645,1018.493613,rain,3.905494563,6.06862873
Multan,6/10/2020,23.27829799,82.13694276,1024.347605,shower rain,1.010628486,1.399763456
Multan,6/11/2020,28.33236232,44.64250432,999.0996936,clear sky,8.311186237,3.326867852
Multan,6/12/2020,22.17921765,65.25753193,1025.542791,broken clouds,1.014450866,2.525046187
Multan,6/13/2020,30.10040802,54.94128851,1008.745269,shower rain,4.82295098,5.151229983
Multan,6/14/2020,25.33777542,44.70604376,1007.907754,clear sky,4.430788406,4.376112796
Multan,6/15/2020,33.91754827,37.39114196,994.7827862,few clouds,5.489749948,6.25729929
Multan,6/16/2020,36.93459306,30.14687065,992.691336,broken clouds,5.743665751,5.975539659
Multan,6/17/2020,33.23875678,34.25549466,1002.904934,broken clouds,8.997197377,6.520705482
Multan,6/18/2020,30.98744402,50.74888472,990.5577618,thunderstorm,9.021024183,6.865753709
Multan,6/19/2020,29.90866868,40.07763845,1006.192935,shower rain,5.890530289,3.621596538
Multan,6/20/2020,40.35891067,25.21317597,999.7853349,clear sky,11.12087569,8.254031217
Multan,6/21/2020,26.0454655,58.69526239,1000.492188,mist,7.493660996,7.80717988
Multan,6/22/2020,37.88702181,35.53761992,999.3111844,clear sky,12.49258115,5.964119086
Multan,6/23/2020,38.42209347,35.74139005,981.9241148,clear sky,10.20690088,9.546514156
Multan,6/24/2020,30.64160017,48.71165908,1011.973503,rain,6.572352318,6.030239746
Multan,6/25/2020,27.83791378,55.17518432,993.4298998,clear sky,7.419126441,5.954724337
Multan,6/26/2020,31.82245418,52.77487443,998.2071472,broken clouds,7.92133877,3.259613412
Multan,6/27/2020,23.1439203,73.95094817,1022.833633,mist,2.426832639,4.741501392
Multan,6/28/2020,22.05639074,88.44497607,1023.711188,rain,2.312593313,3.391365263
Multan,6/29/2020,23.56687359,57.66379799,1031.008453,scattered clouds,1.888028829,4.605871959
Multan,6/30/2020,25.30433572,58.30139157,1008.459342,clear sky,6.841925887,7.045905517
Multan,7/1/2020,32.59606687,42.04314486,1007.808441,few clouds,5.521089827,5.618981867
Multan,7/2/2020,40.53014263,30.56797967,998.2470617,scattered clouds,10.40313268,6.318221566
Multan,7/3/2020,26.41977364,33.68217959,1003.564823,shower rain,5.841893361,3.707862457
Multan,7/4/2020,42.50872625,30.80214878,984.5053156,few clouds,13.36734183,5.80251564
Multan,7/5/2020,42.96288191,32.22413504,983.2357717,broken clouds,5.731302397,9.33467327
Multan,7/6/2020,43.05480591,39.95403084,987.9998919,mist,10.72210594,5.617890478
Multan,7/7/2020,40.2639429,39.50384822,994.2550551,clear sky,10.75623751,6.923470365
Multan,7/8/2020,29.36797594,58.99191876,991.2763045,clear sky,5.686021174,4.671373231
Multan,7/9/2020,22.67172995,63.9355224,1005.162135,thunderstorm,2.947146262,5.327278334
Multan,7/10/2020,34.08283083,59.73799496,993.1834038,broken clouds,8.600919526,5.388467503
Multan,7/11/2020,33.84967321,43.66434455,1007.557505,few clouds,4.964715972,7.982232087
Multan,7/12/2020,40.54944264,37.03672518,984.857293,rain,13.71403791,8.685273732
Multan,7/13/2020,43.90779417,24.32639938,983.3251886,rain,13.96343304,9.254617877
Multan,7/14/2020,32.68761805,45.17499539,1007.783122,mist,7.554335131,3.49336133
Multan,7/15/2020,28.93969271,58.98036288,1012.839297,broken clouds,8.410003996,4.265511276
Multan,7/16/2020,25.27573937,58.41094191,999.9646475,rain,7.290632698,3.677230978
Multan,7/17/2020,21.11039597,77.34939511,1023.128184,rain,3.676813796,3.318109862
Multan,7/18/2020,32.70961493,53.93442968,992.9437324,clear sky,9.76674428,6.591437441
Multan,7/19/2020,33.77692933,35.2928009,1018.055731,scattered clouds,4.97858475,3.845317841
Multan,7/20/2020,39.97358504,34.43317099,986.7379237,scattered clouds,6.541509466,5.650842723
Multan,7/21/2020,32.60527026,48.54152425,1019.925171,thunderstorm,5.012397542,6.073043744
Multan,7/22/2020,42.07877202,21.83103472,999.5717551,scattered clouds,11.14625608,6.151563769
Multan,7/23/2020,35.44591996,22.26318013,995.576469,broken clouds,6.851834381,7.396625359
Multan,7/24/2020,40.32773348,22.16887236,980.4013419,clear sky,14.08814043,5.255588639
Multan,7/25/2020,24.4109399,78.97427739,1021.738997,rain,2.877170805,4.40306406
Multan,7/26/2020,40.672731,22.83430416,981.7367284,mist,13.49962878,7.706581908
Multan,7/27/2020,36.52830865,29.35464542,997.9027605,rain,7.492365445,8.237114495
Multan,7/28/2020,24.91535975,64.27927224,1031.58545,shower rain,2.192178486,2.3770319
Multan,7/29/2020,25.36456184,46.51512422,1019.170211,clear sky,3.41456378,4.393014877
Multan,7/30/2020,42.30951424,34.12952974,992.1676591,rain,7.577676922,9.006802665
Multan,7/31/2020,21.74095329,77.38890149,1020.886912,shower rain,3.432196733,4.592811565
Multan,8/1/2020,31.6383037,45.46559748,1005.569216,clear sky,9.622958424,5.898643256
Multan,8/2/2020,28.20993167,43.93004621,1001.593451,thunderstorm,5.722320817,6.140717379
Multan,8/3/2020,36.29678112,27.9563119,989.3738013,broken clouds,11.39743879,5.470220898
Multan,8/4/2020,40.31147591,37.23819897,992.7082517,clear sky,9.277101175,9.280856522
Multan,8/5/2020,29.2886968,39.92555415,1017.988428,shower rain,3.327542955,6.849535165
Multan,8/6/2020,30.81874801,37.78097464,1007.87653,few clouds,6.524728381,5.952457669
Multan,8/7/2020,43.58410904,34.86630987,997.1423188,clear sky,5.659136467,9.592975656
Multan,8/8/2020,39.03007972,27.19526923,997.2555982,mist,13.83699925,5.843189538
Multan,8/9/2020,41.63569501,36.939972,990.3766535,clear sky,12.53036962,8.43328693
Multan,8/10/2020,31.09153107,39.83666156,1000.424089,mist,5.650560299,7.814908888
Multan,8/11/2020,26.38375269,51.05834474,1009.187216,mist,7.481530663,4.550044823
Multan,8/12/2020,30.4728597,31.35327019,1003.37632,clear sky,3.784197087,3.07646157
Multan,8/13/2020,37.47011411,27.7112576,981.6288173,clear sky,12.02554987,8.674337335
Multan,8/14/2020,23.51689931,63.729207,1015.112364,mist,5.759126863,1.034901622
Multan,8/15/2020,27.22078943,54.50036218,1019.822164,clear sky,8.75221954,7.362668246
Multan,8/16/2020,22.07262571,88.68221613,1001.940475,broken clouds,1.989942834,1.281506261
Multan,8/17/2020,30.94399798,43.8264383,1010.900007,clear sky,4.846223367,6.263823649
Multan,8/18/2020,40.03125193,36.49672554,996.8237741,clear sky,10.21397688,6.885920722
Multan,8/19/2020,21.56726483,77.98778804,1025.949036,few clouds,6.774405134,2.016703269
Multan,8/20/2020,36.53244112,39.34771975,991.3949646,clear sky,14.20522978,9.491291999
Multan,8/21/2020,42.44740511,36.22217029,994.1510883,clear sky,8.596384818,8.73122926
Multan,8/22/2020,26.44934081,32.32434198,1002.880282,scattered clouds,8.458806543,4.702202831
Multan,8/23/2020,36.95360134,34.26563445,981.8272347,clear sky,14.21317764,6.420765464
Multan,8/24/2020,43.42734373,30.70999431,999.2474351,few clouds,7.609264657,8.680061471
Multan,8/25/2020,43.13239538,20.32872116,988.6460154,clear sky,13.3029565,9.182853813
Multan,8/26/2020,26.40337144,37.53938876,1009.961677,thunderstorm,4.875269388,6.579252321
Multan,8/27/2020,23.30761422,86.8702098,1021.252417,shower rain,2.402974881,4.199946125
Multan,8/28/2020,24.41049837,87.04245491,1002.186923,broken clouds,1.391744836,2.139623626
Multan,8/29/2020,37.14682038,35.9770092,999.054932,mist,10.07079799,9.264019916
Multan,8/30/2020,37.69245414,39.63559207,995.8507445,clear sky,13.43310894,8.748309917
Multan,8/31/2020,36.50744092,36.13090449,982.9819579,few clouds,10.28052137,7.586371449
Multan,9/1/2020,28.72980292,30.30612562,1019.449466,few clouds,3.864080068,5.557938811
Multan,9/2/2020,24.90486961,61.51337361,1029.476055,thunderstorm,1.762431526,3.845865139
Multan,9/3/2020,34.35750511,30.91872547,1004.16965,rain,6.940033071,7.141381971
Multan,9/4/2020,32.12465025,32.82323906,1008.341102,mist,7.082312189,6.711297744
Multan,9/5/2020,37.76318538,24.37681634,982.1347336,clear sky,10.76905904,9.28122497
Multan,9/6/2020,31.15128181,45.10675639,1006.812345,rain,3.539024448,5.536413858
Multan,9/7/2020,28.78871298,55.4259601,992.2098322,thunderstorm,8.275871248,6.123245295
Multan,9/8/2020,27.75000728,55.85900268,1006.345658,scattered clouds,9.365997393,7.272859034
Multan,9/9/2020,25.86381736,48.48605576,1006.580871,few clouds,6.573632634,4.161600301
Multan,9/10/2020,27.11216665,57.84527817,1016.233164,clear sky,8.031805007,5.220103401
Multan,9/11/2020,23.18110009,70.00249306,1029.0023,shower rain,6.398108444,4.103261185
Multan,9/12/2020,28.97771125,56.67108132,997.4865718,few clouds,7.498359285,7.575731287
Multan,9/13/2020,21.84110568,68.16261025,1035.537046,thunderstorm,4.720280071,1.079180055
Multan,9/14/2020,25.28751848,38.31675022,1007.19728,clear sky,8.049830894,4.062865791
Multan,9/15/2020,38.17572023,38.32825836,992.1275896,clear sky,7.605024515,6.172252539
Multan,9/16/2020,28.48578674,41.63805227,995.0694411,thunderstorm,7.078745123,4.633063401
Multan,9/17/2020,36.36945139,30.06808218,997.1554719,scattered clouds,13.42175115,6.408933102
Multan,9/18/2020,37.48833604,26.57721265,998.6193023,clear sky,7.961627303,7.950693928
Multan,9/19/2020,34.36726288,49.88512801,1013.249719,few clouds,9.280193497,7.428101321
Multan,9/20/2020,43.05004805,39.9006245,998.8150491,rain,11.2038195,8.184889205
Multan,9/21/2020,21.49311693,51.02054195,1012.091996,rain,2.96222396,2.207632795
Multan,9/22/2020,37.98901096,37.99696012,997.2223834,clear sky,11.23182961,9.31876425
Multan,9/23/2020,43.05209281,20.07852114,989.7778629,clear sky,9.018599057,8.160228946
Multan,9/24/2020,40.83224978,27.28455762,983.2783441,broken clouds,13.38035602,6.094810625
Multan,9/25/2020,24.86153191,56.74427225,1026.752024,shower rain,3.37623006,2.808332686
Multan,9/26/2020,28.51686704,52.72025342,1010.523608,mist,9.308493518,6.949824034
Multan,9/27/2020,24.96639232,52.02443363,1011.476981,shower rain,3.568656566,4.694655907
Multan,9/28/2020,34.83009237,46.60454861,990.8247999,scattered clouds,7.622578727,5.882911848
Multan,9/29/2020,37.38032359,25.89852268,983.9969452,clear sky,14.97744421,5.723837514
Multan,9/30/2020,28.2926967,34.01010747,1001.993326,few clouds,4.028760887,7.016446487
Multan,10/1/2020,33.4086512,53.15454636,995.0268873,broken clouds,8.157104041,4.537712643
Multan,10/2/2020,36.89117311,24.34833669,983.880599,mist,6.388722279,8.857989695
Multan,10/3/2020,30.69081578,36.71025636,1001.74172,mist,8.87206456,6.237831829
Multan,10/4/2020,40.6423572,25.5015357,999.2357323,rain,10.96453381,6.320851408
Multan,10/5/2020,38.74564851,31.73533528,995.2848703,clear sky,14.38159561,6.061846141
Multan,10/6/2020,22.48730751,76.38663727,1012.789936,clear sky,6.061696214,1.654549616
Multan,10/7/2020,35.28588188,20.35205047,999.0320814,scattered clouds,5.748720375,6.209731183
Multan,10/8/2020,26.41248767,37.25608908,1009.369404,mist,3.961117792,3.789145112
Multan,10/9/2020,33.82292009,42.92912528,1003.663489,clear sky,7.2081965,6.085256239
Multan,10/10/2020,43.00843418,26.63953904,989.366004,clear sky,10.1831464,7.993915595
Multan,10/11/2020,41.2184261,37.68341317,988.2148894,broken clouds,6.685651306,7.930860301
Multan,10/12/2020,30.30387727,53.63126193,996.9897616,clear sky,3.905514598,6.209449046
Multan,10/13/2020,27.70481874,48.77670647,1001.598966,scattered clouds,6.947935484,7.07392267
Multan,10/14/2020,26.39133212,40.14127248,1005.836892,shower rain,3.342450836,7.567763558
Multan,10/15/2020,33.247842,51.02017035,1005.840821,scattered clouds,9.116147121,4.15187769
Multan,10/16/2020,23.62771442,83.74552051,1030.469476,clear sky,5.649580439,3.938872451
Multan,10/17/2020,33.63332519,47.84491132,1000.763936,shower rain,8.497589802,3.391681106
Multan,10/18/2020,21.03067371,81.37845868,1028.671921,clear sky,0.111980029,1.600712192
Multan,10/19/2020,28.44854151,52.47314884,1007.342755,broken clouds,3.333486604,6.271696565
Multan,10/20/2020,26.05848922,47.15211933,1018.855362,rain,6.848873848,5.432902808
Multan,10/21/2020,43.33803217,26.24366434,987.7056985,mist,14.94425689,8.791660434
Multan,10/22/2020,37.72657335,34.91564316,998.0243293,mist,8.42316201,7.128387405
Multan,10/23/2020,29.04202775,36.20389099,1014.619276,thunderstorm,5.410623715,3.637992034
Multan,10/24/2020,23.13543699,81.17953386,1025.506571,mist,0.939945768,5.360268269
Multan,10/25/2020,32.88641368,54.13640076,1009.635434,shower rain,7.720350626,3.414442356
Multan,10/26/2020,25.90930127,54.66434639,992.539498,mist,7.526736823,3.944823213
Multan,10/27/2020,33.33787956,44.18747913,1018.506738,clear sky,3.709256915,4.38488433
Multan,10/28/2020,40.21333415,23.84961536,982.1387213,mist,9.674122871,9.976403035
Multan,10/29/2020,35.1632287,21.994472,991.2646662,broken clouds,11.67074909,7.084299101
Multan,10/30/2020,35.57713365,34.86722501,986.601416,broken clouds,9.935161363,7.508542652
Multan,10/31/2020,33.44369665,56.58784154,1002.895559,scattered clouds,7.720545073,6.848483755
Multan,11/1/2020,42.32710955,33.01676718,992.2036602,rain,13.16270397,8.182077927
Multan,11/2/2020,42.43376174,22.88320121,998.1770276,few clouds,11.85815433,9.20710346
Multan,11/3/2020,32.79263362,58.04689346,1003.727014,broken clouds,7.312799651,5.432167293
Multan,11/4/2020,28.0324682,59.67306044,1019.631887,clear sky,8.975131799,7.860888437
Multan,11/5/2020,31.57050114,43.0013583,1007.784362,mist,9.304119975,6.984061808
Multan,11/6/2020,25.29083198,47.84475868,994.8166183,broken clouds,5.72220506,5.006826942
Multan,11/7/2020,35.63591925,35.5445704,983.8001859,rain,6.732498877,6.906359115
Multan,11/8/2020,32.50212372,52.0916937,1011.483331,mist,8.725022828,7.64745596
Multan,11/9/2020,23.37591099,88.71148768,1002.015912,broken clouds,1.496271751,4.422078179
Multan,11/10/2020,25.54589897,33.44649273,1004.410247,broken clouds,9.502654688,6.107168173
Multan,11/11/2020,32.03153499,47.42174598,994.4465733,shower rain,3.160145617,6.789153187
Multan,11/12/2020,41.41454679,33.83862839,988.6643727,few clouds,14.21271183,7.804169141
Multan,11/13/2020,34.02698657,56.70295273,1012.497523,clear sky,7.124280948,3.795833865
Multan,11/14/2020,36.675305,37.48219255,989.1762586,clear sky,12.74742117,6.59607731
Multan,11/15/2020,28.79765664,59.33999381,994.9035333,clear sky,5.789448109,5.789724319
Multan,11/16/2020,34.14246204,45.36235362,997.5577611,few clouds,9.942014043,3.090839105
Multan,11/17/2020,31.28973592,54.922826,1001.026188,thunderstorm,4.592859993,5.186753525
Multan,11/18/2020,36.15998799,28.54563416,981.3912237,clear sky,7.643436626,8.779014396
Multan,11/19/2020,22.16323802,66.89255511,1023.373505,clear sky,0.360027108,1.821170023
Multan,11/20/2020,32.34590497,37.60045093,1008.226014,thunderstorm,9.583313541,3.322794751
Multan,11/21/2020,27.80783038,54.54711861,991.8645578,clear sky,6.192205125,7.180145704
Multan,11/22/2020,28.50225641,59.57445317,1002.06934,scattered clouds,7.723966903,6.086369342
Multan,11/23/2020,43.10110093,25.12683457,988.2800137,few clouds,11.87440727,5.882894862
Multan,11/24/2020,25.20198069,31.68394764,1000.014587,scattered clouds,9.121514646,7.031524903
Multan,11/25/2020,28.15864081,54.46627312,1006.732192,thunderstorm,7.654476755,6.290647357
Multan,11/26/2020,32.72752924,48.60690158,1000.378725,scattered clouds,6.934148276,4.670596348
Multan,11/27/2020,40.84961981,39.19397601,988.3281856,clear sky,12.10318524,6.88098136
Multan,11/28/2020,30.58341191,37.56717657,1013.925706,few clouds,8.256795593,3.779440816
Multan,11/29/2020,38.10890146,21.42055316,983.2421871,clear sky,6.859279462,9.176277971
Multan,11/30/2020,40.69660426,29.84884522,992.3822939,clear sky,6.09667039,7.545033258
Multan,12/1/2020,9.270278049,53.41864092,1020.223776,shower rain,0.523941953,3.785095383
Multan,12/2/2020,10.67675312,60.47160004,1012.202865,scattered clouds,2.618374462,5.417459576
Multan,12/3/2020,10.0614558,55.03911443,1029.101386,clear sky,3.486001679,1.079153082
Multan,12/4/2020,18.15854875,58.96528719,1022.047534,clear sky,4.309549288,1.334615313
Multan,12/5/2020,4.753896653,54.24578611,1019.094461,mist,6.706241638,1.807894909
Multan,12/6/2020,9.24315851,88.15623998,1026.706773,thunderstorm,2.315514741,1.150189065
Multan,12/7/2020,15.54994548,61.14250854,1032.091612,clear sky,5.326118365,4.290780783
Multan,12/8/2020,13.61253949,67.75590344,1038.906752,broken clouds,3.719503337,4.169397341
Multan,12/9/2020,11.41691911,85.94447231,1025.174015,mist,1.540629525,2.054009515
Multan,12/10/2020,13.17911986,77.09286352,1034.977599,shower rain,4.307138004,1.747032224
Multan,12/11/2020,7.358937959,74.72149922,1000.043662,thunderstorm,6.770233248,1.728423507
Multan,12/12/2020,11.32218257,78.22252761,1021.209428,few clouds,0.870158095,5.766207067
Multan,12/13/2020,12.52895073,83.15289028,1008.585902,clear sky,3.550958352,4.467522643
Multan,12/14/2020,19.32021507,85.10677071,1003.767698,thunderstorm,0.361258479,3.927144142
Multan,12/15/2020,8.434197768,75.70558683,1021.278841,thunderstorm,2.248514092,2.612434359
Multan,12/16/2020,18.75308454,85.60029099,1029.87306,few clouds,4.344218743,3.16521599
Multan,12/17/2020,14.95210381,71.4159011,1016.490901,few clouds,5.887398552,1.447029406
Multan,12/18/2020,4.345794128,61.09163425,1026.804298,shower rain,5.112298952,5.99075944
Multan,12/19/2020,16.31873273,85.20306836,1019.58877,few clouds,3.239997448,4.775427318
Multan,12/20/2020,4.604381918,71.6589131,1017.483435,clear sky,6.3645593,4.107265784
Multan,12/21/2020,20.95547916,86.2455035,1011.610266,clear sky,2.119002655,3.938835976
Multan,12/22/2020,18.83482369,51.60671256,1015.303741,thunderstorm,5.277883872,3.52157186
Multan,12/23/2020,9.054843708,65.90063006,1013.991825,few clouds,3.318063152,2.287137138
Multan,12/24/2020,8.375990913,87.91220073,1025.847487,broken clouds,6.290450283,2.131952017
Multan,12/25/2020,10.4844984,59.98600371,1004.64074,shower rain,5.582029752,3.747662286
Multan,12/26/2020,10.05483841,87.66144984,1003.705455,shower rain,6.310287629,1.351004073
Multan,12/27/2020,10.32974291,88.15609845,1026.40052,thunderstorm,1.499734943,1.372353994
Multan,12/28/2020,9.410701284,85.28569257,1021.851923,mist,4.677053025,3.804068016
Multan,12/29/2020,14.55926792,72.5467218,1017.208004,rain,5.169243857,5.599060241
Multan,12/30/2020,6.792482283,75.87757796,1006.097715,scattered clouds,5.196899857,5.571359256
Multan,12/31/2020,18.38168197,84.78467994,1016.441084,thunderstorm,3.528003153,1.054141503
Multan,1/1/2021,17.81084223,81.0358833,1031.589271,broken clouds,0.078753656,1.536971078
Multan,1/2/2021,12.10021453,75.20375398,1035.584849,clear sky,1.830015487,3.915388469
Multan,1/3/2021,18.49640941,89.29037631,1028.103063,scattered clouds,2.263106125,5.242378609
Multan,1/4/2021,8.201466191,77.42706545,1002.396487,mist,5.964256321,5.772245433
Multan,1/5/2021,4.298612747,89.0192797,1026.816391,clear sky,5.88620072,5.30291113
Multan,1/6/2021,14.52653473,52.29553898,1009.639424,broken clouds,0.732760728,4.388065676
Multan,1/7/2021,11.78445992,55.55841483,1012.61005,rain,6.648851172,2.002625388
Multan,1/8/2021,13.64179729,68.05835384,1007.834928,clear sky,1.277202407,1.36310737
Multan,1/9/2021,19.28876995,65.39517844,1031.030232,mist,2.900516159,1.237578913
Multan,1/10/2021,20.48873475,81.30939365,1025.944085,shower rain,1.506098763,4.060383923
Multan,1/11/2021,14.78570338,56.42456106,1024.473402,broken clouds,6.022327282,1.18094302
Multan,1/12/2021,16.98894503,89.04380716,1026.718904,mist,5.245814223,4.696199782
Multan,1/13/2021,5.424743369,62.60263501,1009.47089,clear sky,2.474701648,4.562353687
Multan,1/14/2021,6.732164943,67.15694831,1017.785777,thunderstorm,4.773150382,1.398054124
Multan,1/15/2021,16.46448168,60.9898013,1025.330149,clear sky,1.290568189,5.533111825
Multan,1/16/2021,11.33321276,73.17454469,1025.463761,scattered clouds,2.676079647,3.609646443
Multan,1/17/2021,11.5814096,52.34514802,1031.674075,mist,2.639753118,5.522192837
Multan,1/18/2021,9.246330588,55.98710022,1011.484159,rain,1.665556772,5.508050281
Multan,1/19/2021,14.32505852,79.83190814,1030.813445,thunderstorm,6.134184347,1.985170319
Multan,1/20/2021,7.147805772,57.46002334,1017.607379,few clouds,4.751920148,2.90288814
Multan,1/21/2021,14.65757675,59.42057806,1026.806908,thunderstorm,1.959575174,1.673131668
Multan,1/22/2021,6.954580571,81.71928943,1018.228775,rain,1.694845324,4.874890051
Multan,1/23/2021,5.08504259,53.73204713,1037.944407,clear sky,0.125674297,3.520624578
Multan,1/24/2021,9.616080708,67.49895291,1007.172091,clear sky,2.426075777,5.644037877
Multan,1/25/2021,7.929385814,50.92253548,1027.000204,thunderstorm,3.687398983,2.041076074
Multan,1/26/2021,19.11285786,63.87229597,1023.0614,shower rain,1.943976593,4.441838308
Multan,1/27/2021,4.934208716,77.9592561,1006.909242,shower rain,4.903207935,5.946184139
Multan,1/28/2021,7.002432774,53.60413119,1002.640253,clear sky,2.882246703,4.326906309
Multan,1/29/2021,13.32823329,85.53338507,1031.965776,few clouds,2.214224859,1.343869664
Multan,1/30/2021,12.17814224,86.37996172,1006.298053,thunderstorm,6.573403612,3.942121748
Multan,1/31/2021,4.779484312,54.19961501,1007.460267,broken clouds,1.839606141,1.899213748
Multan,2/1/2021,4.123291276,89.62929746,1039.137369,few clouds,2.787803341,1.152513887
Multan,2/2/2021,20.79715501,61.90118214,1028.690434,rain,2.67603552,2.674803487
Multan,2/3/2021,15.20018991,53.36406685,1010.019474,few clouds,1.68838842,2.330520415
Multan,2/4/2021,10.21190423,50.20268458,1023.637958,clear sky,1.522337179,4.943854494
Multan,2/5/2021,11.99734821,66.34091583,1021.364474,broken clouds,2.116660132,2.868402705
Multan,2/6/2021,8.531352048,75.19239943,1033.778931,shower rain,6.04965319,4.664793902
Multan,2/7/2021,9.862854323,63.28717,1029.17283,broken clouds,5.369580211,1.08119496
Multan,2/8/2021,15.03375594,83.46869462,1033.268845,broken clouds,4.766996599,1.074060667
Multan,2/9/2021,19.00780058,78.66425102,1008.460264,scattered clouds,3.199720948,1.146567288
Multan,2/10/2021,7.130210392,64.00646128,1025.608768,few clouds,3.554277892,2.096792209
Multan,2/11/2021,18.28614559,79.37238666,1001.609634,shower rain,1.869971918,2.869938925
Multan,2/12/2021,6.066462702,87.61950948,1002.757624,mist,0.520211397,4.039229016
Multan,2/13/2021,7.654867801,53.72383994,1028.541081,few clouds,2.317283897,5.929569429
Multan,2/14/2021,4.631979897,62.24415841,1000.976804,clear sky,3.469086292,2.772047835
Multan,2/15/2021,6.393801656,68.53303756,1023.1906,mist,0.401191326,1.278294534
Multan,2/16/2021,19.59415347,69.91960511,1033.616204,clear sky,0.617633114,1.974500808
Multan,2/17/2021,11.81045869,71.6878258,1015.197672,few clouds,1.84117663,5.489259169
Multan,2/18/2021,5.32031965,62.02507626,1001.793617,few clouds,2.569562615,4.496895951
Multan,2/19/2021,20.31535625,76.69038584,1028.553898,scattered clouds,2.753217678,4.95100412
Multan,2/20/2021,18.94286923,75.80338014,1037.187458,clear sky,0.825202464,1.620841028
Multan,2/21/2021,16.82960285,73.11286025,1028.686856,scattered clouds,1.580749482,1.674934944
Multan,2/22/2021,19.86903746,54.55046887,1023.13789,broken clouds,1.831530764,1.561230038
Multan,2/23/2021,7.742200154,69.07871564,1009.201153,mist,0.473444133,5.285845822
Multan,2/24/2021,18.21827798,64.2490755,1000.615025,scattered clouds,2.282697904,2.049838043
Multan,2/25/2021,15.72985034,69.64153879,1027.786884,shower rain,0.505551009,4.215758727
Multan,2/26/2021,18.78590724,86.87465742,1009.241047,few clouds,4.924204902,3.580831831
Multan,2/27/2021,17.54749662,69.22125373,1034.326507,mist,2.702334366,3.721949559
Multan,2/28/2021,9.890416074,50.55923167,1018.654565,rain,2.287266726,1.977176792
Multan,3/1/2021,38.81116635,28.77673476,990.6127116,mist,6.265221715,8.176230467
Multan,3/2/2021,27.03649497,54.6194454,1012.618096,thunderstorm,4.585525588,3.215502672
Multan,3/3/2021,28.55761975,53.4018277,1013.382918,broken clouds,4.628936463,7.967361381
Multan,3/4/2021,23.4818315,70.53560294,1025.706033,broken clouds,6.896429504,1.133794532
Multan,3/5/2021,42.50676217,24.99538026,998.7686363,scattered clouds,13.3534938,5.250782704
Multan,3/6/2021,27.69307736,43.95265989,1019.468953,mist,3.106836041,4.623237099
Multan,3/7/2021,32.9743167,46.91106658,1018.406563,clear sky,7.317856135,7.158126779
Multan,3/8/2021,30.00065524,59.99614315,1014.725376,rain,4.791370675,4.285946059
Multan,3/9/2021,43.07834677,32.8835618,994.1125044,few clouds,6.043769288,7.359675069
Multan,3/10/2021,28.70613093,50.8279479,1009.899776,clear sky,7.939198342,3.089886656
Multan,3/11/2021,38.90655389,29.82908287,982.0750035,clear sky,6.316055495,5.394396582
Multan,3/12/2021,40.67457156,27.08979102,985.4296869,clear sky,9.437407795,8.039830243
Multan,3/13/2021,31.01894944,54.38858951,990.1706467,clear sky,7.425156154,3.971792347
Multan,3/14/2021,29.69795173,44.84796973,994.1222961,mist,6.881463293,6.471272815
Multan,3/15/2021,38.19815388,39.8938026,988.7845895,mist,14.77629098,8.926955875
Multan,3/16/2021,41.99660755,29.14241149,982.930731,clear sky,12.85742613,9.251670997
Multan,3/17/2021,38.36342986,21.36000567,998.0332683,clear sky,12.74193376,5.66899669
Multan,3/18/2021,26.22390641,50.47734411,1014.170976,broken clouds,5.489167759,5.277542745
Multan,3/19/2021,41.43107819,20.93282902,981.4322382,clear sky,5.083954921,9.73540725
Multan,3/20/2021,29.91437835,37.51504791,997.4674115,few clouds,8.140876508,6.860417712
Multan,3/21/2021,34.25327647,40.61214758,1014.572157,clear sky,9.99812459,3.584801909
Multan,3/22/2021,40.12301924,34.78967171,996.0609225,broken clouds,9.058791077,7.512501225
Multan,3/23/2021,25.33307965,44.82707779,1018.363517,clear sky,9.898629493,7.611902909
Multan,3/24/2021,39.04373312,20.57291863,999.9509552,broken clouds,6.417081095,7.200194028
Multan,3/25/2021,34.71174435,48.50549554,1019.288102,few clouds,5.075586461,7.187088044
Multan,3/26/2021,41.54685776,28.22872475,988.2027597,mist,6.707269317,7.479218606
Multan,3/27/2021,24.95531924,86.8733804,1010.013138,mist,3.32623181,1.534058386
Multan,3/28/2021,30.67569145,44.98686933,1012.752306,thunderstorm,8.578869811,3.73927463
Multan,3/29/2021,40.15539114,34.17950292,985.9854579,mist,8.406616915,5.233378764
Multan,3/30/2021,21.44232918,58.75473969,1032.256014,thunderstorm,6.34360256,1.976573703
Multan,3/31/2021,23.58063144,80.43894258,1021.358189,broken clouds,3.813812893,5.468070499
Multan,4/1/2021,43.78299989,34.41910621,995.8785455,clear sky,9.654244137,8.25099023
Multan,4/2/2021,27.44906611,57.12245126,998.2763964,shower rain,8.509250895,6.694284674
Multan,4/3/2021,43.43749346,20.67643283,990.1605463,mist,6.01443497,8.108307292
Multan,4/4/2021,25.19822567,43.42502093,1006.920714,few clouds,8.416267298,4.932696461
Multan,4/5/2021,29.30517219,50.37466208,1018.293242,few clouds,4.700664001,4.084305664
Multan,4/6/2021,38.31599722,21.903278,985.3319515,scattered clouds,7.808125472,9.62807292
Multan,4/7/2021,36.12890337,28.21208134,998.7337648,clear sky,10.99453773,7.574148908
Multan,4/8/2021,34.3658152,58.26439809,1014.145767,mist,9.313540975,5.405499406
Multan,4/9/2021,33.18768104,43.07803473,1011.926822,shower rain,7.048848648,7.980520443
Multan,4/10/2021,40.3991302,39.70809567,995.7374054,clear sky,11.48949349,6.919649942
Multan,4/11/2021,26.40381695,31.70517183,1008.162751,broken clouds,8.436162127,7.270626574
Multan,4/12/2021,31.17683132,51.53489328,997.3224003,mist,4.815273313,7.311720302
Multan,4/13/2021,24.57540272,73.24064945,1007.579799,mist,5.79063571,2.163351052
Multan,4/14/2021,34.7066567,45.01619031,1015.990243,broken clouds,5.925721043,3.474198462
Multan,4/15/2021,26.76252176,59.12542204,1011.754182,mist,4.229589854,7.878100579
Multan,4/16/2021,28.67836748,33.88951201,996.3961285,mist,5.450826556,5.129484321
Multan,4/17/2021,31.83876648,56.87996855,1008.452801,clear sky,4.722917782,3.01110161
Multan,4/18/2021,21.61572347,77.64961645,1017.901859,mist,1.600995236,3.495089169
Multan,4/19/2021,23.11457253,60.35984293,1006.346207,mist,1.977942391,4.096501819
Multan,4/20/2021,36.77637208,38.03338291,990.6371422,scattered clouds,6.809308147,8.880441237
Multan,4/21/2021,30.86630956,42.87884754,998.4455728,scattered clouds,7.6739123,7.714710591
Multan,4/22/2021,40.89017511,36.28454656,981.9248825,few clouds,10.79991757,9.575853145
Multan,4/23/2021,36.97745608,27.77673034,989.339166,clear sky,11.48441893,9.7006791
Multan,4/24/2021,21.18632166,84.0372331,1023.604342,clear sky,2.406073067,1.160625741
Multan,4/25/2021,35.18438361,32.73258237,980.9381282,shower rain,12.69733403,8.558870669
Multan,4/26/2021,23.15567192,55.64186534,1016.08371,few clouds,0.907261187,2.129289814
Multan,4/27/2021,38.96146314,32.99326327,985.1532384,clear sky,10.71136709,5.937763436
Multan,4/28/2021,43.80467683,23.82689525,980.6130118,clear sky,7.754529722,9.001592843
Multan,4/29/2021,33.21757227,42.35767884,993.7698765,rain,6.693269305,5.085648446
Multan,4/30/2021,36.7039285,23.40591169,982.7806832,clear sky,8.236371752,9.583000379
Multan,5/1/2021,26.4582257,30.66048347,995.4862274,scattered clouds,8.533582356,3.212175454
Multan,5/2/2021,31.06474811,36.35659618,1014.101327,thunderstorm,9.238902872,7.010904147
Multan,5/3/2021,40.69019264,30.72744047,988.7898373,clear sky,12.42581223,5.684172056
Multan,5/4/2021,24.8507278,69.26243871,1005.88344,clear sky,1.22908599,1.882886008
Multan,5/5/2021,27.10731893,45.04491287,993.008909,mist,4.924068289,5.386758578
Multan,5/6/2021,31.24497453,37.43060635,998.9382138,scattered clouds,9.435506459,4.977949704
Multan,5/7/2021,37.38172451,33.70322401,995.9603104,clear sky,9.372201277,7.430861531
Multan,5/8/2021,29.64533096,51.1278986,1000.933795,few clouds,9.588262865,7.70013261
Multan,5/9/2021,42.33784244,27.15935651,983.1979472,scattered clouds,8.924516889,8.286944678
Multan,5/10/2021,23.17251218,85.24680354,1016.164647,rain,6.662422624,2.451546909
Multan,5/11/2021,29.52849654,49.3206965,1006.659347,broken clouds,9.480172914,3.864543562
Multan,5/12/2021,37.30594484,34.26078551,980.5916837,broken clouds,11.6052689,7.100231376
Multan,5/13/2021,26.19769561,38.32019754,1008.829254,rain,3.061789339,5.258205136
Multan,5/14/2021,36.09750209,20.0122327,987.9020151,clear sky,9.00334682,8.006472049
Multan,5/15/2021,24.77699004,84.61502448,1000.389035,thunderstorm,6.378645908,2.330013518
Multan,5/16/2021,22.28754655,82.89697538,1026.955576,clear sky,6.195772024,4.837546235
Multan,5/17/2021,23.78336149,54.92767552,1028.495505,thunderstorm,1.311714601,1.492301227
Multan,5/18/2021,42.38965001,27.4821027,992.5767958,few clouds,8.99182496,7.802266818
Multan,5/19/2021,33.69027031,49.84017925,1000.257907,clear sky,8.848569495,6.117658266
Multan,5/20/2021,39.31595284,33.04221714,990.5920971,scattered clouds,10.77877853,6.034157905
Multan,5/21/2021,28.65105352,55.81051004,1001.614731,few clouds,8.931094634,7.130056752
Multan,5/22/2021,34.6311489,34.20804485,1011.018652,rain,8.785971691,6.077160626
Multan,5/23/2021,32.38389908,42.89819243,1007.507406,clear sky,9.352374049,6.228611073
Multan,5/24/2021,42.75197307,21.94448836,981.6359823,scattered clouds,6.172205882,7.488717529
Multan,5/25/2021,38.19421663,27.79190497,992.8618712,rain,6.452151415,9.547971086
Multan,5/26/2021,37.80248052,20.30214891,993.7447683,mist,5.82809029,8.469637907
Multan,5/27/2021,22.0661252,85.9309226,1014.828087,rain,6.546881888,2.909177824
Multan,5/28/2021,33.64240239,45.8113199,1016.273573,few clouds,6.326136691,4.193029439
Multan,5/29/2021,31.74080344,55.49406782,1015.290431,rain,3.450276984,3.355308374
Multan,5/30/2021,42.34037213,21.19809402,983.5033305,scattered clouds,8.215299025,5.826804186
Multan,5/31/2021,26.91886573,36.82374331,1017.127989,clear sky,5.459888488,7.96341476
Multan,6/1/2021,27.20616943,37.78139986,1003.226171,broken clouds,8.666918764,5.03383448
Multan,6/2/2021,30.46096372,41.60074484,1011.71249,thunderstorm,8.148338245,7.493436136
Multan,6/3/2021,26.59750341,54.08599117,1014.42291,broken clouds,7.825709347,3.852846784
Multan,6/4/2021,23.97123011,65.46231495,1020.204497,scattered clouds,0.153044868,3.126804357
Multan,6/5/2021,40.72054147,24.09307059,987.9820388,clear sky,14.10695796,9.802592335
Multan,6/6/2021,33.84036006,31.94970781,1017.463541,few clouds,4.508886868,3.455661257
Multan,6/7/2021,40.81134254,21.58983497,984.6170711,rain,11.29061405,7.969921419
Multan,6/8/2021,40.1160996,35.20094412,985.1394016,scattered clouds,5.61819043,9.595859503
Multan,6/9/2021,27.48697416,43.34408973,1000.848609,clear sky,3.570682643,7.748416865
Multan,6/10/2021,33.59796122,51.78543366,1015.783973,few clouds,3.067041073,7.230037386
Multan,6/11/2021,22.91400716,77.29148487,1037.551531,shower rain,3.961493512,5.279672162
Multan,6/12/2021,42.05079333,22.70724924,984.4013543,few clouds,11.2937967,8.260914771
Multan,6/13/2021,30.29804245,34.28663803,1015.916104,clear sky,3.353236123,4.10211554
Multan,6/14/2021,30.05455223,52.66026046,997.7460888,mist,5.033394193,6.653392722
Multan,6/15/2021,27.96337352,51.6380488,1019.119237,rain,8.960180899,7.891922322
Multan,6/16/2021,31.59526613,41.34092301,1007.922237,broken clouds,3.709158568,5.629667573
Multan,6/17/2021,26.79046589,32.3226679,990.212594,thunderstorm,4.515830152,4.303486795
Multan,6/18/2021,29.62160227,30.36294065,991.0238971,scattered clouds,5.970738459,5.867355339
Multan,6/19/2021,39.39878212,25.76313899,982.9496906,few clouds,13.42274103,8.453051781
Multan,6/20/2021,40.18787658,20.18444547,983.7514632,mist,7.548490545,6.041401547
Multan,6/21/2021,27.99619699,36.90217863,1013.028574,few clouds,9.979959108,6.595946738
Multan,6/22/2021,31.7873319,42.58502221,996.6829763,mist,5.486832692,5.937164294
Multan,6/23/2021,41.09785485,22.42831531,999.3828324,rain,8.864486585,8.061749546
Multan,6/24/2021,22.21148663,54.17111031,1025.444482,rain,0.85474343,2.529939649
Multan,6/25/2021,41.45033413,37.92874871,993.8503502,rain,11.80197901,5.776334051
Multan,6/26/2021,26.04123995,47.56410087,996.5344956,few clouds,4.704256279,6.117249477
Multan,6/27/2021,36.60640262,38.68911374,997.8541263,rain,11.28867595,7.931164946
Multan,6/28/2021,34.39868902,40.37478491,1010.034437,scattered clouds,4.562104099,4.690060939
Multan,6/29/2021,33.71763721,50.31434812,1015.932169,clear sky,5.715105871,4.479468338
Multan,6/30/2021,40.76528517,24.09383349,999.1296219,rain,13.56672092,6.736222308
Multan,7/1/2021,23.3361593,74.73361269,1005.025639,clear sky,5.17234138,3.449416692
Multan,7/2/2021,28.98164458,33.8875719,992.8976169,rain,4.0821363,7.874098676
Multan,7/3/2021,33.37981317,30.06241918,1014.102235,clear sky,7.253957172,6.81782311
Multan,7/4/2021,39.65964364,38.63063603,997.3225212,clear sky,11.28640652,9.258698696
Multan,7/5/2021,25.97819092,46.64683129,1007.512843,clear sky,3.633979315,5.528247845
Multan,7/6/2021,39.46738635,38.53881326,987.320011,rain,9.658056543,7.630618059
Multan,7/7/2021,30.1916851,40.01494571,1009.578889,broken clouds,4.82467877,4.021623307
Multan,7/8/2021,25.3450187,39.83358207,999.1699222,shower rain,6.269910999,6.605229182
Multan,7/9/2021,38.45668813,28.01310004,984.7677138,scattered clouds,12.77070991,7.107920029
Multan,7/10/2021,23.09067473,78.24163936,1019.525808,shower rain,1.107816919,4.712234294
Multan,7/11/2021,32.8396496,46.97425903,996.4846148,rain,3.863129439,5.045276907
Multan,7/12/2021,22.46914303,87.01419628,1019.348144,broken clouds,1.885215466,1.542585936
Multan,7/13/2021,29.19761067,30.76322703,1018.698195,clear sky,9.665928152,3.865268439
Multan,7/14/2021,34.82476638,51.24587814,1015.193521,rain,8.234769478,7.05785039
Multan,7/15/2021,33.79065745,39.90983068,1018.248928,scattered clouds,3.13619104,4.293082448
Multan,7/16/2021,30.30707461,35.40700955,1014.189869,broken clouds,5.807033897,4.321772113
Multan,7/17/2021,30.86810386,45.31186868,1000.642528,mist,4.801785854,7.64684045
Multan,7/18/2021,26.21569973,45.15191353,1014.361357,thunderstorm,7.467011979,6.288178114
Multan,7/19/2021,31.48529953,34.11033086,1017.687472,rain,6.215047175,3.571537769
Multan,7/20/2021,42.92486168,24.03792112,998.9407158,clear sky,14.64498525,5.717926351
Multan,7/21/2021,40.56041711,28.1632933,993.663957,broken clouds,7.18978451,6.361837164
Multan,7/22/2021,24.34035599,66.3524565,1008.454666,scattered clouds,4.114994912,3.969978439
Multan,7/23/2021,21.68495811,62.70232558,1001.589166,mist,4.901470105,4.76412735
Multan,7/24/2021,42.47105919,22.97090303,982.9440046,clear sky,13.25564489,6.372482217
Multan,7/25/2021,33.11524425,30.13121037,1018.966408,mist,5.848797213,7.353210187
Multan,7/26/2021,33.37026993,59.10705187,1003.862905,rain,7.808453354,3.545900894
Multan,7/27/2021,38.9565139,38.86998459,997.0997203,clear sky,8.032014714,6.03799584
Multan,7/28/2021,28.2378464,44.50951138,1003.951325,thunderstorm,6.048332647,7.852324606
Multan,7/29/2021,32.08387408,59.8515526,1009.824528,broken clouds,9.269389918,3.673724318
Multan,7/30/2021,43.279247,33.47308662,980.4828155,clear sky,14.49907609,9.440556539
Multan,7/31/2021,36.4594198,21.37715075,984.9972989,clear sky,12.18817347,8.519675377
Multan,8/1/2021,24.53613574,54.70872796,1017.450771,clear sky,2.620463235,1.365435453
Multan,8/2/2021,24.0642152,86.64443375,1025.225242,scattered clouds,5.74040453,3.418534144
Multan,8/3/2021,25.69808944,48.90156606,995.1456356,scattered clouds,3.181069572,5.594896766
Multan,8/4/2021,38.63436851,36.86367253,995.2910293,clear sky,6.027459105,9.660698157
Multan,8/5/2021,27.79367109,56.94808949,1000.932141,rain,7.629616155,5.105522965
Multan,8/6/2021,21.49194347,67.91768045,1032.697411,clear sky,2.038740027,3.233818077
Multan,8/7/2021,42.71601036,20.97051903,981.9593818,clear sky,14.51386218,5.562418774
Multan,8/8/2021,24.90340858,57.53121396,1027.190264,mist,3.052424285,4.195862817
Multan,8/9/2021,21.21983828,52.66287789,1011.733133,clear sky,3.005553743,2.054484879
Multan,8/10/2021,26.45402685,35.66219537,1013.861495,mist,7.746556571,3.387666291
Multan,8/11/2021,26.4056621,42.31598779,1002.065113,mist,8.372979936,7.984595
Multan,8/12/2021,30.70612077,33.54590432,1009.960489,clear sky,6.328911167,4.34814814
Multan,8/13/2021,42.16896612,23.33466496,998.6861054,clear sky,7.140009017,5.705265826
Multan,8/14/2021,41.22125311,28.91643564,980.4125326,rain,12.73308643,8.497451873
Multan,8/15/2021,31.50857476,40.20512851,990.3335035,clear sky,5.242458924,7.10841078
Multan,8/16/2021,30.45069781,44.02974373,1013.108378,few clouds,4.225775385,3.320387466
Multan,8/17/2021,33.76520899,42.87516083,1009.391792,clear sky,7.421481329,3.526966537
Multan,8/18/2021,26.59944228,49.33434078,998.7893916,scattered clouds,3.633175669,3.450869118
Multan,8/19/2021,22.20025482,87.48758196,1019.775868,rain,6.799468726,1.234796517
Multan,8/20/2021,42.60215513,22.15728677,980.8387133,rain,11.32397264,8.297282393
Multan,8/21/2021,25.29407665,32.97780448,995.7733682,mist,9.901268646,5.941565949
Multan,8/22/2021,25.56321677,55.58418333,1002.734891,few clouds,5.372253964,6.314033283
Multan,8/23/2021,31.86658756,45.19190114,1015.021332,thunderstorm,9.798436128,5.528335816
Multan,8/24/2021,32.30710693,52.99215071,1004.390015,clear sky,4.018935734,7.087538427
Multan,8/25/2021,21.42398682,58.61687614,1023.4545,shower rain,0.284863406,3.733341512
Multan,8/26/2021,24.40295899,83.15450293,1034.950152,rain,0.230888423,5.593734674
Multan,8/27/2021,29.69756083,57.71539873,999.2645674,clear sky,6.254092594,5.428242663
Multan,8/28/2021,36.72580595,32.70966031,994.0139864,clear sky,5.830041975,8.953293306
Multan,8/29/2021,26.25362451,33.17637064,1015.850018,scattered clouds,6.585175189,5.036801768
Multan,8/30/2021,30.72933226,56.85884442,996.078471,broken clouds,5.292503525,5.176119474
Multan,8/31/2021,33.81893649,53.77463182,1000.694345,mist,5.349402947,7.244960226
Multan,9/1/2021,41.43762738,35.01755553,999.5962035,scattered clouds,11.35608997,5.538299177
Multan,9/2/2021,28.49962155,31.10184567,1019.496557,scattered clouds,4.141686043,5.824588775
Multan,9/3/2021,24.07184011,81.95850101,1008.929197,clear sky,5.365873592,4.631682339
Multan,9/4/2021,32.2532612,34.13853031,991.9933752,scattered clouds,7.074216438,6.752103077
Multan,9/5/2021,38.17459684,24.44772352,985.4184322,clear sky,14.14944629,7.957467636
Multan,9/6/2021,23.52677441,73.08539339,1015.909278,few clouds,2.553884576,3.240322421
Multan,9/7/2021,30.76772031,37.94942319,1003.230168,clear sky,9.879004944,4.303912219
Multan,9/8/2021,21.40905825,76.45392825,1024.752252,broken clouds,4.030793527,5.547131177
Multan,9/9/2021,21.77186118,74.32281791,1035.98011,shower rain,6.813813693,2.848939738
Multan,9/10/2021,32.10792735,33.24448794,999.9104404,few clouds,3.189424578,6.994960443
Multan,9/11/2021,27.85853786,49.68043739,1015.499536,broken clouds,8.095834257,3.158328065
Multan,9/12/2021,40.43746788,38.4790982,981.8695784,broken clouds,13.16621524,6.160846073
Multan,9/13/2021,34.84954904,34.83329716,991.256241,shower rain,3.372213007,4.727923964
Multan,9/14/2021,31.44045812,47.91186063,1005.121355,mist,7.052787648,6.357870317
Multan,9/15/2021,30.38251353,40.25596116,991.7898667,clear sky,8.613596055,4.596654036
Multan,9/16/2021,32.43664604,43.78835015,1001.774694,rain,6.927271077,3.206819004
Multan,9/17/2021,21.93009312,61.48000716,1035.871125,broken clouds,0.446695133,1.86933758
Multan,9/18/2021,41.5342472,27.08261273,984.8296607,few clouds,11.93447241,6.295826762
Multan,9/19/2021,43.96097258,20.57823647,994.1195155,clear sky,5.605969147,5.8802374
Multan,9/20/2021,25.17420387,59.44655214,999.0709618,mist,8.722282265,4.018622801
Multan,9/21/2021,23.76880819,74.99199688,1001.796802,scattered clouds,0.301239283,4.844784703
Multan,9/22/2021,24.30228166,70.02822362,1022.267623,shower rain,0.961781667,3.06016822
Multan,9/23/2021,36.20362234,27.67430699,996.6970698,broken clouds,7.751075905,7.025896223
Multan,9/24/2021,36.21313928,30.78749118,988.189369,broken clouds,11.33364792,9.833031683
Multan,9/25/2021,40.50225573,27.60211997,992.3458765,clear sky,14.763591,7.23350919
Multan,9/26/2021,38.29200693,27.19815855,998.000472,scattered clouds,6.178228526,9.638290663
Multan,9/27/2021,31.34286249,43.91839625,1013.690835,shower rain,3.998953684,4.495315491
Multan,9/28/2021,35.09567332,25.51966067,983.877528,mist,8.688703967,7.0031313
Multan,9/29/2021,36.83054742,23.600998,994.6676792,rain,13.36219138,6.98141678
Multan,9/30/2021,32.79293882,46.69817695,1005.056791,few clouds,6.270616669,5.730394162
Multan,10/1/2021,31.93997264,55.28296308,1012.379004,clear sky,5.251274202,5.921236454
Multan,10/2/2021,35.83724125,23.05656355,989.890311,thunderstorm,10.61203832,6.240625145
Multan,10/3/2021,33.82191463,30.98203022,993.8387449,few clouds,4.823662382,6.967921252
Multan,10/4/2021,35.81067302,24.9362349,991.3981889,clear sky,9.011599072,7.482629773
Multan,10/5/2021,35.0956598,39.59441287,989.8426798,scattered clouds,8.326051492,5.035217768
Multan,10/6/2021,37.54152089,36.57516147,990.3584347,clear sky,13.04141022,7.956703167
Multan,10/7/2021,35.7844807,31.91732107,997.5780491,shower rain,14.24255726,8.990297208
Multan,10/8/2021,32.95407719,57.87746746,1016.845111,shower rain,8.317005345,4.252333689
Multan,10/9/2021,36.68132666,28.90558234,989.0707421,mist,9.39083576,5.189355047
Multan,10/10/2021,31.3380852,59.49841808,1003.671961,thunderstorm,6.530344842,7.035893278
Multan,10/11/2021,26.5584382,38.88906135,1005.455609,mist,3.875515858,7.88138358
Multan,10/12/2021,21.03261906,59.61222998,1020.783571,broken clouds,5.228052978,1.382818073
Multan,10/13/2021,33.87917538,49.14144603,1018.511614,few clouds,7.175329756,7.690184037
Multan,10/14/2021,34.58507021,41.34461904,1009.482014,rain,9.317079973,4.79637206
Multan,10/15/2021,43.35712619,32.52731084,985.5491399,clear sky,7.006111436,9.707198043
Multan,10/16/2021,29.31400168,39.14986555,1005.946104,mist,8.318082854,6.24419662
Multan,10/17/2021,30.06506459,48.53754771,1008.816707,rain,7.792701632,7.451221562
Multan,10/18/2021,25.64139037,38.27238782,1009.193152,clear sky,4.860918737,6.929165125
Multan,10/19/2021,22.62228879,52.03888275,1023.410169,broken clouds,4.671650477,1.139988714
Multan,10/20/2021,38.77450334,38.24271804,983.5547231,clear sky,14.24373381,5.327212512
Multan,10/21/2021,26.74266448,56.49615606,991.0077957,scattered clouds,9.429051914,5.628723026
Multan,10/22/2021,35.0048118,39.41596299,986.756861,scattered clouds,12.19626575,5.648095099
Multan,10/23/2021,36.81877982,34.33054352,988.5504431,rain,5.480731125,7.305171196
Multan,10/24/2021,31.83844381,50.48163533,991.8541272,thunderstorm,9.105850361,7.773151493
Multan,10/25/2021,41.1560986,31.1800614,996.2993468,mist,11.57778607,6.473786438
Multan,10/26/2021,31.20728134,33.77827249,1000.322323,thunderstorm,5.173039772,5.444563569
Multan,10/27/2021,27.55289833,35.67705933,1017.408982,clear sky,4.310752532,4.92129815
Multan,10/28/2021,41.60835703,25.78939377,983.0882022,rain,6.16203863,8.149134821
Multan,10/29/2021,40.81597854,37.80312725,981.1386991,clear sky,5.502368993,5.969224653
Multan,10/30/2021,24.77291878,56.91878098,1019.292644,rain,5.278722736,2.299696451
Multan,10/31/2021,21.59710342,86.91492698,1007.565173,broken clouds,1.650900993,5.293839257
Multan,11/1/2021,23.0696678,70.91142932,1037.495971,clear sky,0.169770552,5.056681119
Multan,11/2/2021,27.59059017,51.46708906,990.309102,clear sky,5.780894563,6.945948444
Multan,11/3/2021,43.36197544,22.20488973,988.2523935,few clouds,9.826070806,8.854598047
Multan,11/4/2021,33.84587152,38.07100646,1017.802433,thunderstorm,4.184611616,5.297187467
Multan,11/5/2021,29.58501984,58.75555825,1001.532546,shower rain,3.308338353,6.644453863
Multan,11/6/2021,41.44047018,25.32299894,981.8621856,mist,6.891254831,6.936024089
Multan,11/7/2021,31.42213562,38.89565161,999.0868483,clear sky,7.753719333,3.503547901
Multan,11/8/2021,28.25048845,35.92792155,1004.940312,rain,3.575705741,4.966873208
Multan,11/9/2021,42.64804916,22.58147331,983.7030337,scattered clouds,10.55037031,5.793315221
Multan,11/10/2021,40.53890632,24.66515283,989.3312341,mist,6.464119879,6.954258403
Multan,11/11/2021,40.40437263,32.84653784,996.7268639,mist,6.956891736,6.487126077
Multan,11/12/2021,32.78254909,43.66103201,1016.178539,scattered clouds,5.751545183,5.995803335
Multan,11/13/2021,39.15708317,31.07511673,980.9852147,broken clouds,6.008253361,6.807702077
Multan,11/14/2021,25.12512726,33.67094486,994.8271007,few clouds,4.212424519,6.527948317
Multan,11/15/2021,34.18412802,54.06349341,998.2587041,scattered clouds,5.44266688,5.560733405
Multan,11/16/2021,43.62845623,35.68189401,991.897317,mist,8.296690055,9.597461393
Multan,11/17/2021,27.6920439,30.64769733,1000.829843,clear sky,8.2449004,3.455127177
Multan,11/18/2021,39.27010357,27.67030189,996.8808183,few clouds,5.747823051,8.438545943
Multan,11/19/2021,32.28100337,32.06311806,1011.500156,broken clouds,9.02315515,6.361984388
Multan,11/20/2021,21.91553071,81.68423118,1004.018241,scattered clouds,5.713625195,5.753132737
Multan,11/21/2021,38.54944615,34.74539366,992.4911501,mist,12.6599164,6.857759335
Multan,11/22/2021,24.87709032,86.07952377,1004.520505,shower rain,2.165606537,2.527189849
Multan,11/23/2021,35.52389204,24.72807918,985.1007134,shower rain,13.22881786,5.861967221
Multan,11/24/2021,22.97027646,68.25183533,1007.114825,broken clouds,1.279614562,2.326442577
Multan,11/25/2021,42.77795014,23.68975754,983.461239,broken clouds,6.244092059,7.509453864
Multan,11/26/2021,27.70964941,41.13704803,1008.491866,few clouds,3.314694334,7.18856481
Multan,11/27/2021,26.20868791,45.66729755,1006.908148,thunderstorm,9.575172541,4.421433017
Multan,11/28/2021,23.97013729,52.13323159,1007.041126,thunderstorm,2.156076284,1.788710583
Multan,11/29/2021,42.75805045,34.29740821,999.8034561,mist,14.1761788,6.360642355
Multan,11/30/2021,37.37378608,30.86586721,988.4367346,clear sky,7.726135615,5.504634875
Multan,12/1/2021,16.60823511,83.15836069,1003.882773,broken clouds,6.352961715,5.633477082
Multan,12/2/2021,12.48987754,60.87122005,1004.822761,broken clouds,6.32750337,5.36312076
Multan,12/3/2021,12.07037235,86.13284421,1023.355749,rain,6.465732315,2.542458585
Multan,12/4/2021,5.870361131,89.94777012,1039.162776,thunderstorm,3.473074075,2.23493908
Multan,12/5/2021,13.51729862,86.77193754,1022.878044,rain,6.061624008,5.52698657
Multan,12/6/2021,8.197580417,81.11569903,1037.961659,thunderstorm,6.655361273,1.008859757
Multan,12/7/2021,20.61147066,82.49475211,1017.765314,thunderstorm,2.272318593,4.00288764
Multan,12/8/2021,17.54187598,72.9497697,1017.433644,clear sky,2.93212084,5.580018805
Multan,12/9/2021,11.02086502,57.60615452,1020.000294,scattered clouds,5.034681311,3.542787445
Multan,12/10/2021,6.572801398,77.08162741,1027.897018,clear sky,2.102518752,1.014834798
Multan,12/11/2021,17.35063875,78.51012008,1014.704639,shower rain,5.276665162,2.094357147
Multan,12/12/2021,6.07491404,89.41540561,1034.555441,mist,0.517245016,5.612207969
Multan,12/13/2021,7.218673809,71.65205265,1001.171255,clear sky,3.66448869,1.085112121
Multan,12/14/2021,7.595848802,60.8547606,1017.590568,thunderstorm,0.856194389,2.97389883
Multan,12/15/2021,13.46714085,77.34690087,1020.439674,shower rain,2.053264335,4.948723632
Multan,12/16/2021,17.37996312,89.17503279,1024.28129,rain,1.810377747,5.190454968
Multan,12/17/2021,9.343352938,57.08855633,1011.042876,shower rain,5.872524515,3.388039663
Multan,12/18/2021,5.439386843,63.03991674,1017.099199,shower rain,1.354620788,2.162418759
Multan,12/19/2021,11.89715388,71.67523815,1019.38151,mist,5.659135441,3.998523588
Multan,12/20/2021,16.7178741,56.8085854,1027.476399,mist,5.557722421,2.318890158
Multan,12/21/2021,7.768285332,50.88882558,1030.941767,shower rain,3.492181389,2.27632129
Multan,12/22/2021,7.738717317,63.4793249,1029.513093,shower rain,1.636902789,5.037998817
Multan,12/23/2021,20.10285946,84.61483206,1013.663322,thunderstorm,1.58827438,1.771329176
Multan,12/24/2021,20.22061336,51.73873597,1039.978021,clear sky,3.25447253,1.027607392
Multan,12/25/2021,20.83791745,67.15716236,1033.946612,mist,0.061663052,2.683876085
Multan,12/26/2021,17.73021323,80.48803092,1010.400935,scattered clouds,3.719455282,3.454869775
Multan,12/27/2021,7.199130876,88.12730388,1007.804232,thunderstorm,6.66945668,4.525401959
Multan,12/28/2021,7.603685854,89.41901596,1012.56085,clear sky,1.082948173,4.905576288
Multan,12/29/2021,9.783829106,66.87877522,1018.093794,thunderstorm,4.01341935,4.317596056
Multan,12/30/2021,9.408253033,88.01537178,1034.031975,shower rain,6.732450821,4.132544402
Multan,12/31/2021,20.26097173,51.41675893,1031.134491,scattered clouds,6.023654976,4.328743612
Multan,1/1/2022,17.41425771,79.83667752,1034.049845,broken clouds,5.952660815,2.357632588
Multan,1/2/2022,16.30814947,75.70984139,1010.878285,mist,5.752949513,2.911806615
Multan,1/3/2022,7.161374809,59.9808743,1023.738449,rain,2.163165242,4.082182505
Multan,1/4/2022,19.46193451,70.29274003,1011.329962,mist,6.234317819,1.327853302
Multan,1/5/2022,18.07379645,55.18214951,1004.360926,shower rain,6.589382459,2.47662675
Multan,1/6/2022,6.781911303,84.86388604,1027.36791,broken clouds,3.470546963,3.032094724
Multan,1/7/2022,18.80989564,64.31592342,1005.719902,thunderstorm,2.481997331,3.667203414
Multan,1/8/2022,8.628208118,75.04177882,1026.70791,rain,2.899603109,3.432410537
Multan,1/9/2022,5.374785679,56.35105145,1025.918572,thunderstorm,2.339445093,4.590659391
Multan,1/10/2022,15.16597921,58.24659379,1032.409938,broken clouds,1.486929094,3.367133377
Multan,1/11/2022,15.11467921,89.67825483,1005.582184,mist,4.329139292,5.520649919
Multan,1/12/2022,5.613844163,80.12345578,1031.339206,few clouds,3.938178204,2.901591711
Multan,1/13/2022,9.420480752,88.47887479,1039.971061,clear sky,3.238095497,3.626858531
Multan,1/14/2022,20.87784586,61.83404661,1034.041698,broken clouds,0.670917707,1.016051948
Multan,1/15/2022,15.53325334,56.58251506,1030.072483,scattered clouds,5.578250753,2.552389782
Multan,1/16/2022,16.41127783,70.12273854,1026.486614,shower rain,1.224534939,5.332864887
Multan,1/17/2022,7.619593855,69.78673129,1016.871259,clear sky,0.801934304,2.667881973
Multan,1/18/2022,5.339295207,56.99786055,1029.220007,clear sky,4.361499768,2.265931667
Multan,1/19/2022,8.707328726,79.32878278,1028.967121,broken clouds,2.790510529,3.717684812
Multan,1/20/2022,8.231272548,64.47110138,1025.259931,clear sky,0.418659327,1.393650492
Multan,1/21/2022,7.987249713,57.45460924,1031.851135,shower rain,2.488978485,3.658025658
Multan,1/22/2022,7.276823472,63.27933578,1017.950556,few clouds,5.402462466,2.518328991
Multan,1/23/2022,13.77084674,72.54634799,1004.850108,broken clouds,4.306744437,2.915514449
Multan,1/24/2022,9.577759089,79.05883729,1022.362709,rain,2.539502161,4.956825022
Multan,1/25/2022,17.94586526,69.27563544,1010.601741,clear sky,1.342633541,4.309820093
Multan,1/26/2022,7.127106103,71.02379959,1015.377324,broken clouds,4.422569346,3.230530466
Multan,1/27/2022,11.8986602,55.55783744,1000.696596,rain,6.212887107,3.887581565
Multan,1/28/2022,4.232183219,86.58763699,1015.311624,few clouds,4.523909026,4.834293777
Multan,1/29/2022,12.18859948,87.14896792,1032.352044,mist,5.690326983,4.728918726
Multan,1/30/2022,4.949249755,77.33706362,1021.708895,clear sky,3.65069487,1.926608553
Multan,1/31/2022,20.6212997,50.70525636,1000.392021,rain,5.025797747,2.50459611
Multan,2/1/2022,17.44006619,71.48296864,1018.793753,broken clouds,6.273587416,2.741184655
Multan,2/2/2022,12.3318951,75.16875888,1011.658066,broken clouds,5.412252848,1.93771145
Multan,2/3/2022,5.471985089,89.78616892,1019.102026,few clouds,6.368977674,1.06080727
Multan,2/4/2022,14.07157249,89.84267821,1016.187709,broken clouds,3.017977215,1.869836344
Multan,2/5/2022,16.89898376,84.30444941,1037.279169,thunderstorm,6.329541786,5.041221635
Multan,2/6/2022,7.242193301,52.55323968,1001.647092,broken clouds,4.350970641,3.729602257
Multan,2/7/2022,13.65954179,88.13105563,1027.34352,few clouds,6.090341363,2.708290135
Multan,2/8/2022,17.84158527,74.50644989,1034.041064,clear sky,0.275635713,4.041722228
Multan,2/9/2022,17.06021222,82.03547082,1038.369543,rain,4.604966673,4.699170627
Multan,2/10/2022,17.6508643,66.28771399,1007.105449,broken clouds,5.935825552,2.772138915
Multan,2/11/2022,18.94849822,62.78677885,1021.252192,thunderstorm,1.219414236,3.330374208
Multan,2/12/2022,19.94059574,68.52976582,1001.743583,clear sky,4.632508534,1.321066083
Multan,2/13/2022,10.89385964,55.87498052,1019.967341,few clouds,5.774683,3.985452681
Multan,2/14/2022,13.66907474,64.28264555,1005.018324,clear sky,2.015645587,2.782035478
Multan,2/15/2022,17.44121194,84.30469999,1033.515867,rain,2.836724295,3.167618238
Multan,2/16/2022,15.85137684,51.51801945,1004.5548,mist,3.986624029,3.11300309
Multan,2/17/2022,20.92384388,56.03512187,1020.531534,few clouds,3.634173822,4.162046444
Multan,2/18/2022,4.232520069,55.00464639,1020.843843,clear sky,0.274325751,3.862326745
Multan,2/19/2022,10.03726466,66.12302171,1038.86602,clear sky,0.690704687,3.110530239
Multan,2/20/2022,8.777474747,89.87947604,1026.199228,rain,0.703266055,1.084775107
Multan,2/21/2022,8.459369453,56.93431721,1011.513612,clear sky,1.835875338,4.104813073
Multan,2/22/2022,7.783006302,55.81930598,1009.631972,rain,1.72104879,5.39788737
Multan,2/23/2022,16.05510529,86.60222919,1005.129928,clear sky,5.195556687,4.847757858
Multan,2/24/2022,5.440911046,85.28202068,1030.260589,broken clouds,4.009210702,5.908078161
Multan,2/25/2022,16.60735018,51.2896148,1027.630266,clear sky,5.347832593,1.69537669
Multan,2/26/2022,15.78823931,80.06823841,1024.395085,few clouds,0.489272402,2.112600264
Multan,2/27/2022,8.263670253,76.21862806,1001.633618,broken clouds,3.396499662,3.696337326
Multan,2/28/2022,8.298174314,80.70963239,1030.513155,scattered clouds,2.266429055,2.179408512
Multan,3/1/2022,35.46379346,29.8900491,992.8377515,scattered clouds,13.49939311,5.172748906
Multan,3/2/2022,38.52993543,39.82758437,999.2777774,clear sky,12.07789157,7.011441381
Multan,3/3/2022,41.1591691,20.87694037,991.7440426,clear sky,13.69258471,6.438223671
Multan,3/4/2022,40.59920997,24.68743173,986.0790381,clear sky,5.464271224,6.318804228
Multan,3/5/2022,43.19230887,27.93091974,987.630411,scattered clouds,12.2082349,9.765864085
Multan,3/6/2022,34.37185259,43.49333825,995.2752212,few clouds,6.780058465,4.192270581
Multan,3/7/2022,41.89907791,38.42734805,994.4582836,clear sky,13.25000029,5.647162856
Multan,3/8/2022,39.59580528,31.20008728,994.1544332,few clouds,10.07160591,5.62659629
Multan,3/9/2022,41.57735536,20.90221991,984.0130003,clear sky,10.40209078,9.031620367
Multan,3/10/2022,21.26741183,66.31451854,1006.339573,broken clouds,0.362371667,4.574240373
Multan,3/11/2022,43.21576881,28.32980825,981.5400987,rain,11.68522865,5.647430978
Multan,3/12/2022,31.89119375,58.96472815,1017.359272,clear sky,4.911979129,4.098765594
Multan,3/13/2022,39.35820876,31.98394182,984.6613967,broken clouds,5.196939222,8.736715042
Multan,3/14/2022,23.92569474,75.42604285,1013.766541,mist,0.465060138,2.373081989
Multan,3/15/2022,30.1066452,51.39759094,998.4151353,mist,9.700999263,7.907710376
Multan,3/16/2022,27.24359525,53.10117947,1002.408738,few clouds,5.422541027,5.702850333
Multan,3/17/2022,27.70815172,49.05153211,1011.421464,few clouds,9.0765294,3.960039852
Multan,3/18/2022,23.83487926,59.48777405,1034.823825,few clouds,6.717740638,5.294042273
Multan,3/19/2022,39.53256815,37.48091829,983.651975,clear sky,14.43267189,6.597377729
Multan,3/20/2022,21.21257324,79.28479202,1027.456494,mist,6.172076685,2.444036775
Multan,3/21/2022,28.18762551,52.25611455,1000.576864,thunderstorm,9.263907387,4.637206167
Multan,3/22/2022,25.01144249,59.89670218,1019.415815,rain,5.02305631,6.840986241
Multan,3/23/2022,34.54789563,54.07579605,998.9675748,thunderstorm,4.060289232,3.866064749
Multan,3/24/2022,26.84780526,54.87454209,990.2157887,few clouds,7.474837935,4.908928901
Multan,3/25/2022,26.95696445,58.54216547,1005.469199,few clouds,6.416739143,3.154163864
Multan,3/26/2022,32.23177731,34.53402,994.5219325,mist,3.691227031,7.133133087
Multan,3/27/2022,36.0118479,29.95454753,980.8898885,few clouds,11.77541316,6.703593832
Multan,3/28/2022,23.7900082,73.22268094,1027.930769,mist,3.940020052,2.240864599
Multan,3/29/2022,25.03676341,39.87827188,1011.967778,clear sky,9.041471806,5.899466212
Multan,3/30/2022,26.68501913,55.18210032,1003.82097,mist,7.26428657,6.524959419
Multan,3/31/2022,43.39620892,35.24839243,993.5377103,clear sky,10.7394618,9.064480186
Multan,4/1/2022,30.1345075,51.62649224,1006.147183,mist,6.085262063,4.738924727
Multan,4/2/2022,34.77677208,59.91448319,1008.894033,rain,6.239509489,7.061504251
Multan,4/3/2022,26.55548469,37.7814412,1007.901119,broken clouds,9.680668589,5.324405002
Multan,4/4/2022,32.28056908,52.06371755,1009.974683,clear sky,3.969122066,3.505711338
Multan,4/5/2022,22.70474101,72.056179,1007.985226,scattered clouds,3.12353173,5.231537414
Multan,4/6/2022,21.79906936,62.5195673,1010.748265,rain,4.590790637,3.738173911
Multan,4/7/2022,31.78087112,34.81760612,1003.198894,thunderstorm,6.031074519,6.01234786
Multan,4/8/2022,30.16916361,56.87651511,1003.38384,shower rain,4.982509389,7.687456348
Multan,4/9/2022,24.14824735,73.81821931,1030.976468,clear sky,2.011501595,3.795757425
Multan,4/10/2022,36.81483287,36.49867675,987.3478732,scattered clouds,7.336560463,5.027917653
Multan,4/11/2022,43.83678029,30.90689968,983.2501031,rain,8.439032006,9.353079205
Multan,4/12/2022,30.09987689,36.59931242,997.5439791,shower rain,9.101723429,4.423755402
Multan,4/13/2022,35.36484863,26.75097626,984.29467,clear sky,10.0522455,7.508834604
Multan,4/14/2022,43.14844667,27.63077685,994.6332004,mist,7.402387281,6.024433013
Multan,4/15/2022,40.12530437,39.45869625,989.4067923,clear sky,8.84526717,6.484917842
Multan,4/16/2022,31.66170114,30.16899835,1011.258921,thunderstorm,3.740812885,6.43324424
Multan,4/17/2022,37.96225814,39.71332046,988.3243936,clear sky,14.0403574,7.147866755
Multan,4/18/2022,23.94710593,89.2184654,1035.589424,clear sky,2.857384825,4.135653153
Multan,4/19/2022,32.77838868,59.88452372,1019.505609,scattered clouds,9.862738432,7.117878457
Multan,4/20/2022,27.41838638,44.29764537,1010.095275,rain,5.432771413,4.704110111
Multan,4/21/2022,24.70676482,88.55235878,1034.552502,few clouds,5.854492331,3.841700192
Multan,4/22/2022,30.80446084,41.86797546,1005.237998,clear sky,4.794697193,6.887939467
Multan,4/23/2022,24.01333475,51.05177763,1037.384834,rain,0.533070254,4.575615964
Multan,4/24/2022,37.07665749,24.48694373,996.6317297,scattered clouds,5.317333617,7.69921718
Multan,4/25/2022,31.49352101,58.35888735,1019.753357,shower rain,7.243178987,4.916917554
Multan,4/26/2022,33.21632655,30.4129408,1008.692812,mist,5.181015702,5.037509906
Multan,4/27/2022,24.36664659,71.83976542,1031.16827,shower rain,3.104639163,3.16567606
Multan,4/28/2022,24.21474821,53.02406356,1021.714726,broken clouds,5.730529249,2.744227645
Multan,4/29/2022,34.41855501,38.59189735,997.7736031,thunderstorm,4.7367566,6.495378174
Multan,4/30/2022,43.6552242,21.76185701,987.0951034,broken clouds,8.086524767,5.627076261
Multan,5/1/2022,23.21376341,84.38114484,1035.760217,few clouds,5.917353295,5.837270604
Multan,5/2/2022,27.57182286,47.73212129,991.6784384,clear sky,6.449335913,6.89492751
Multan,5/3/2022,40.99755968,38.04212931,991.8295977,scattered clouds,13.27665167,6.490815261
Multan,5/4/2022,22.66225628,77.53412798,1014.899361,rain,2.621332024,1.212737846
Multan,5/5/2022,41.14537159,39.42058262,987.7338508,clear sky,8.983699808,8.556515862
Multan,5/6/2022,33.05857762,45.29632964,1016.537136,broken clouds,4.169968532,6.671795225
Multan,5/7/2022,30.3901358,49.16131745,1015.614671,thunderstorm,9.414420975,7.818113053
Multan,5/8/2022,28.12265298,47.2892646,1007.965271,clear sky,9.277485858,4.268527788
Multan,5/9/2022,27.83369464,44.52781288,998.1875654,shower rain,9.889519102,3.413625451
Multan,5/10/2022,28.0334594,55.37878096,1004.26369,clear sky,5.81712989,7.575673789
Multan,5/11/2022,41.35047086,32.89050271,988.1658679,clear sky,13.18614942,6.293245173
Multan,5/12/2022,37.64729029,36.0262453,987.0723606,clear sky,9.149537317,8.607657237
Multan,5/13/2022,36.40362918,35.72727873,982.0557116,clear sky,9.542987889,5.303298189
Multan,5/14/2022,39.37123043,23.82090321,990.8622777,clear sky,13.29999394,8.802924025
Multan,5/15/2022,26.91363725,49.50490598,999.0549389,shower rain,4.241567396,3.635129486
Multan,5/16/2022,35.21498468,23.99296038,993.2161589,thunderstorm,7.203109345,8.47793174
Multan,5/17/2022,31.5815235,47.49961435,999.5761181,broken clouds,5.203097683,5.661715239
Multan,5/18/2022,38.99615761,33.54869369,988.6232699,clear sky,12.88179033,9.777440652
Multan,5/19/2022,28.11289054,59.91705215,991.5708112,broken clouds,5.608560846,3.184588215
Multan,5/20/2022,35.79310819,20.61083956,999.8507614,few clouds,8.581682083,6.460243729
Multan,5/21/2022,41.29088547,21.82484788,990.1522077,broken clouds,14.98816345,5.347544587
Multan,5/22/2022,30.24946095,32.31080089,990.7271278,scattered clouds,5.686643002,7.395988176
Multan,5/23/2022,22.53230801,65.93445145,1021.649226,rain,1.734393754,3.969505768
Multan,5/24/2022,32.86916891,54.64765084,1016.11062,few clouds,7.362495747,5.674848062
Multan,5/25/2022,28.95736722,55.32168998,1013.176564,rain,8.613159664,3.657289461
Multan,5/26/2022,36.46118375,34.73959191,994.0181337,broken clouds,5.696078337,7.445161287
Multan,5/27/2022,42.87375727,37.93756484,982.7892931,broken clouds,11.18892231,6.993518276
Multan,5/28/2022,32.16899131,39.68579833,1009.732112,mist,3.250148191,4.578759341
Multan,5/29/2022,31.72237529,32.64463933,1012.988951,mist,6.684326457,6.860944777
Multan,5/30/2022,36.0554504,21.16306056,991.4483813,clear sky,7.569915638,5.306380199
Multan,5/31/2022,23.38044258,84.08530878,1035.70996,clear sky,2.146491884,4.233428637
Multan,6/1/2022,26.83064235,51.91308883,998.3096935,rain,6.269671748,7.114965156
Multan,6/2/2022,42.13652449,33.97230612,984.842894,mist,14.27107461,9.536536414
Multan,6/3/2022,36.40868011,26.79352677,997.3913949,scattered clouds,12.10667307,8.729582974
Multan,6/4/2022,21.30921301,65.19620754,1025.01593,clear sky,6.557919174,2.412278394
Multan,6/5/2022,25.70638587,58.74340587,990.0434166,broken clouds,7.619797032,6.002537303
Multan,6/6/2022,36.70525712,21.27609488,987.0626282,scattered clouds,5.071077471,5.707018055
Multan,6/7/2022,38.58118166,35.47463474,997.1571197,clear sky,7.655851973,5.585303119
Multan,6/8/2022,40.31677017,26.19266647,980.5463902,clear sky,14.05772578,8.193120711
Multan,6/9/2022,27.72006648,31.17163855,990.0974378,mist,7.504118647,7.255538273
Multan,6/10/2022,42.41365771,34.85140221,985.6251858,rain,14.81647237,5.336240628
Multan,6/11/2022,33.71777855,39.92735657,1017.420001,clear sky,4.091748135,3.530018661
Multan,6/12/2022,37.02039751,34.44295037,998.0295516,clear sky,7.967478331,7.828036537
Multan,6/13/2022,34.72499384,51.22963149,1005.562858,clear sky,5.536573617,4.091059305
Multan,6/14/2022,23.82302126,71.39147502,1022.129475,shower rain,2.285904727,4.059090614
Multan,6/15/2022,43.15163717,35.54746258,986.6401602,mist,7.519915301,6.072719126
Multan,6/16/2022,23.82613834,73.24153297,1009.749466,broken clouds,3.10426001,1.582409872
Multan,6/17/2022,26.862285,38.59910559,1014.456656,clear sky,7.496086864,5.727874911
Multan,6/18/2022,39.71344125,34.68230602,982.1258972,scattered clouds,8.112569229,9.31097569
Multan,6/19/2022,35.22773011,31.78279632,989.7470874,broken clouds,5.796999233,8.425609861
Multan,6/20/2022,40.2774308,20.25454563,992.6879452,few clouds,12.08532527,9.093625688
Multan,6/21/2022,32.86193233,57.04932533,993.1104087,mist,6.21311589,4.331675872
Multan,6/22/2022,29.67084441,46.36930855,1005.588213,mist,6.895376143,7.429893256
Multan,6/23/2022,42.20244649,37.37254531,991.5504258,rain,9.554006572,6.885195873
Multan,6/24/2022,21.8338033,85.30947356,1029.699842,scattered clouds,6.232502524,5.262238339
Multan,6/25/2022,40.69099507,28.89933313,984.696721,scattered clouds,10.58744997,7.355877951
Multan,6/26/2022,26.30880906,45.22979989,998.7998251,broken clouds,9.462937879,4.339288237
Multan,6/27/2022,40.52093554,28.31508775,991.3904229,broken clouds,10.10575342,6.301294155
Multan,6/28/2022,24.20152211,67.97747101,1039.325056,broken clouds,2.048117136,3.838339422
Multan,6/29/2022,34.34503616,56.85441477,996.5247955,thunderstorm,5.48809811,3.395051351
Multan,6/30/2022,41.42648214,35.76288028,999.7180765,broken clouds,10.22129294,9.650280973
Multan,7/1/2022,31.89141188,33.79577029,1011.430276,few clouds,6.709926065,4.357317478
Multan,7/2/2022,38.1710335,32.20615563,996.5216414,mist,11.87337702,6.678124089
Multan,7/3/2022,39.50744721,39.91813281,981.7928254,clear sky,7.244948722,6.166507769
Multan,7/4/2022,37.9393668,31.91101402,986.0084037,mist,11.588429,5.015039803
Multan,7/5/2022,42.28258395,35.71743251,981.1547256,few clouds,12.78588008,8.462751184
Multan,7/6/2022,31.2771873,53.0718442,1001.14641,clear sky,7.736143926,5.952764505
Multan,7/7/2022,24.9818851,64.01270103,1039.251586,broken clouds,3.372796769,5.048222701
Multan,7/8/2022,22.09965447,64.87397211,1004.210922,clear sky,6.941764558,1.205053867
Multan,7/9/2022,26.668577,51.72229265,1006.871183,broken clouds,5.833692114,7.643278224
Multan,7/10/2022,24.29354259,69.99934126,1000.242825,thunderstorm,0.746134302,2.6544347
Multan,7/11/2022,33.83282105,47.11712127,1011.380484,rain,8.750529508,7.565349313
Multan,7/12/2022,25.25374276,51.38717371,995.9157808,rain,4.485408532,3.53565741
Multan,7/13/2022,21.89547527,81.10300108,1005.183381,mist,4.99299901,4.719602907
Multan,7/14/2022,21.82776606,60.86066311,1013.480712,mist,1.252833979,3.896791157
Multan,7/15/2022,40.12609846,22.93587519,995.420886,clear sky,5.168773909,6.790956076
Multan,7/16/2022,34.60334842,38.7538394,993.1983926,clear sky,4.118590227,3.39571198
Multan,7/17/2022,29.23596194,45.22614975,996.8951699,mist,5.638920876,6.023682549
Multan,7/18/2022,41.56724498,26.84282635,980.1692884,mist,6.066182471,5.132199415
Multan,7/19/2022,22.61452206,72.73451035,1038.736595,shower rain,1.38375359,3.506410496
Multan,7/20/2022,43.54740767,21.06931448,991.842912,clear sky,12.64626278,8.021042879
Multan,7/21/2022,35.17471118,30.19500823,994.3979927,scattered clouds,12.69883608,8.662618736
Multan,7/22/2022,25.21967784,41.03954721,1009.541495,clear sky,8.72241759,7.956673171
Multan,7/23/2022,36.61858928,30.6933351,982.8872912,broken clouds,13.41155237,6.300468568
Multan,7/24/2022,38.55776898,28.4506671,991.8987988,clear sky,9.204358946,6.611949107
Multan,7/25/2022,30.87488402,38.52677552,993.9424679,clear sky,9.072847625,4.705726734
Multan,7/26/2022,40.81754994,38.08215811,988.0247291,clear sky,10.25936875,8.657913559
Multan,7/27/2022,24.46684537,57.39059954,1022.758525,few clouds,3.294179819,5.659096341
Multan,7/28/2022,27.41326442,50.44096727,1006.766433,few clouds,8.029754303,7.871618748
Multan,7/29/2022,23.15032432,86.9857885,1004.762937,thunderstorm,1.49672888,5.729056833
Multan,7/30/2022,25.85019033,46.16009879,991.0330791,clear sky,8.526481638,7.396915039
Multan,7/31/2022,26.49076267,56.29225466,1013.947029,scattered clouds,6.006260786,7.954886869
Multan,8/1/2022,42.10556339,22.49702957,994.5184487,clear sky,6.27295414,6.879728634
Multan,8/2/2022,22.79652284,69.75155081,1003.272756,clear sky,0.835183395,5.7416066
Multan,8/3/2022,30.83054776,43.71075841,993.8224656,broken clouds,4.154347207,6.805099812
Multan,8/4/2022,33.24516981,30.24356421,1016.777513,broken clouds,9.23400914,3.842299298
Multan,8/5/2022,41.66994024,28.86514683,995.382578,few clouds,14.90937822,5.227325939
Multan,8/6/2022,43.94701303,27.38059513,999.9232059,clear sky,8.569737992,6.072419789
Multan,8/7/2022,38.32792664,33.39597456,985.079749,mist,7.921438522,8.893755621
Multan,8/8/2022,43.32819278,38.76659557,989.7560598,clear sky,7.187709726,8.158484406
Multan,8/9/2022,39.10332605,21.71582177,984.7291915,clear sky,13.23816477,6.121781287
Multan,8/10/2022,43.15366074,26.54952773,992.4560028,clear sky,7.092074824,8.709607272
Multan,8/11/2022,37.2672267,28.88129475,982.3082848,clear sky,14.2409013,5.706611197
Multan,8/12/2022,22.83455879,68.20741512,1005.089727,rain,4.671452653,5.109206969
Multan,8/13/2022,30.2441643,53.24429163,992.1566367,shower rain,9.279894542,6.97080488
Multan,8/14/2022,35.87173753,28.86791332,993.8717216,mist,10.54009854,9.862879854
Multan,8/15/2022,29.06652572,30.81483904,1004.822177,thunderstorm,7.834759035,3.751397823
Multan,8/16/2022,27.28783012,51.30312284,1008.531936,scattered clouds,7.336206705,7.533064972
Multan,8/17/2022,34.28018314,56.54489085,1016.379031,scattered clouds,8.818368194,4.705513319
Multan,8/18/2022,42.47054316,30.27809425,994.8065697,few clouds,13.35860811,7.080299324
Multan,8/19/2022,21.80458309,73.24434087,1018.468917,clear sky,4.128550999,3.342225314
Multan,8/20/2022,38.69231768,23.25872878,999.6871198,clear sky,11.32507649,8.134520266
Multan,8/21/2022,37.6227274,24.41291889,989.125122,rain,14.2187592,9.973816851
Multan,8/22/2022,43.17092878,24.70340478,982.2490135,broken clouds,14.29866484,7.999794015
Multan,8/23/2022,42.40635811,28.6148395,999.8530949,clear sky,11.64249784,9.633579325
Multan,8/24/2022,38.53134893,38.56290442,980.4564146,clear sky,5.077542782,6.27514101
Multan,8/25/2022,32.96940159,45.653543,1006.496507,clear sky,3.730878503,4.992058309
Multan,8/26/2022,25.69815372,35.76292936,999.2728647,rain,9.005597722,5.522497647
Multan,8/27/2022,33.54042152,37.98263208,1005.106565,scattered clouds,3.592998815,4.614509949
Multan,8/28/2022,38.60309586,27.68030059,991.1742591,clear sky,7.135191809,9.884335515
Multan,8/29/2022,41.60039189,32.46517951,984.8019179,mist,7.305466802,8.628417769
Multan,8/30/2022,39.16337621,28.80066306,991.1371751,clear sky,11.0023477,7.394406761
Multan,8/31/2022,25.49113951,41.77334533,1012.681833,shower rain,7.036429585,6.756523506
Multan,9/1/2022,34.79278523,46.94185801,997.9952951,rain,5.025922664,5.337212495
Multan,9/2/2022,28.63998957,37.25504985,1001.502784,scattered clouds,4.453279559,3.086126637
Multan,9/3/2022,21.21173035,53.1561309,1010.729708,mist,5.351724209,3.715967039
Multan,9/4/2022,25.60508152,30.73242944,1014.616792,scattered clouds,9.548193089,6.125926094
Multan,9/5/2022,23.60407495,60.05036654,1028.99929,rain,0.369639759,5.906037094
Multan,9/6/2022,40.38253984,21.83184068,997.4239287,scattered clouds,6.331804627,5.203964241
Multan,9/7/2022,26.9456438,40.09021916,995.1014968,clear sky,7.495147921,5.560484787
Multan,9/8/2022,27.54805328,53.18800621,992.2073891,broken clouds,8.631090162,3.490773784
Multan,9/9/2022,43.07854115,34.32588661,982.3876701,scattered clouds,12.91188669,5.744979508
Multan,9/10/2022,29.71899463,48.32782868,994.83055,broken clouds,8.037782072,6.052316695
Multan,9/11/2022,21.22046972,84.10000976,1021.323306,thunderstorm,6.211995681,2.157838561
Multan,9/12/2022,27.52846141,38.46202874,1019.127362,rain,4.521442157,6.745870556
Multan,9/13/2022,23.74389035,85.40215012,1014.289417,thunderstorm,0.751036625,3.570993463
Multan,9/14/2022,23.36459692,65.96956679,1038.340331,shower rain,4.307540791,2.091064426
Multan,9/15/2022,22.78220767,66.03573273,1001.528032,rain,5.755931241,3.468958388
Multan,9/16/2022,34.64496781,42.16054841,1017.806166,rain,7.074305049,3.004408635
Multan,9/17/2022,25.35499764,32.94283099,995.4345782,scattered clouds,9.740982412,7.313700218
Multan,9/18/2022,29.30858426,59.26471495,1017.37425,few clouds,8.56895123,3.063391885
Multan,9/19/2022,40.82640747,22.77013556,981.1245486,clear sky,12.00791801,5.035049462
Multan,9/20/2022,30.75977722,40.22657173,1018.446583,broken clouds,3.421801036,6.057519716
Multan,9/21/2022,42.06090105,26.38600641,984.0159653,clear sky,6.077422387,9.867604629
Multan,9/22/2022,32.45257523,32.24038298,999.0814218,thunderstorm,8.493863428,7.279667422
Multan,9/23/2022,30.17324214,34.5678039,1004.72827,scattered clouds,4.387665479,4.260094563
Multan,9/24/2022,38.25894532,20.89716672,987.6144176,broken clouds,5.288351761,5.983334056
Multan,9/25/2022,22.68302727,61.69617974,1026.701119,thunderstorm,6.3753248,4.130560903
Multan,9/26/2022,23.05800281,84.66627696,1038.992311,broken clouds,6.235637616,5.113188735
Multan,9/27/2022,35.99539542,26.78884411,992.1285298,broken clouds,7.184838272,6.810393355
Multan,9/28/2022,32.1996364,33.71075496,1011.644562,shower rain,8.461443807,5.161772952
Multan,9/29/2022,39.17955076,32.91387737,981.760105,mist,5.479796612,5.577447568
Multan,9/30/2022,42.07422926,39.93201824,992.5562486,few clouds,7.850580038,5.764132106
Multan,10/1/2022,29.93243819,36.96971369,1003.615493,clear sky,7.365668358,5.841757975
Multan,10/2/2022,34.71743061,38.38713016,1016.573471,clear sky,8.342252973,3.513280729
Multan,10/3/2022,32.51602244,59.15541163,1001.646333,rain,3.072794322,4.010230624
Multan,10/4/2022,43.57704508,23.57552575,993.5890829,broken clouds,8.262086133,6.17338512
Multan,10/5/2022,40.11494137,30.22428135,984.5630746,clear sky,7.143455601,7.219622666
Multan,10/6/2022,41.96996729,24.79304266,985.1874507,clear sky,14.98780406,5.228059821
Multan,10/7/2022,26.84982201,57.97055694,1001.283673,shower rain,7.696875627,5.498854858
Multan,10/8/2022,38.76810773,39.63042029,986.0812708,scattered clouds,9.056714529,9.643372032
Multan,10/9/2022,27.10588417,54.44093538,997.6163652,rain,3.529568214,3.122318306
Multan,10/10/2022,25.80107827,39.44351447,991.4900612,mist,7.190691803,6.154924326
Multan,10/11/2022,42.71812167,28.06974951,996.7349266,scattered clouds,11.41701471,9.179211826
Multan,10/12/2022,21.44400158,59.69222735,1002.572061,scattered clouds,5.714841493,2.562304213
Multan,10/13/2022,43.20394018,37.81515934,997.7473103,rain,7.885768529,5.657592725
Multan,10/14/2022,24.43302363,86.58233111,1005.018616,mist,6.869996563,1.216698938
Multan,10/15/2022,39.84707588,28.37741324,981.3052347,rain,9.394657393,8.219515297
Multan,10/16/2022,27.34621872,49.6959921,1006.890143,clear sky,5.071606283,5.761171901
Multan,10/17/2022,29.06615353,34.96659539,1005.073254,mist,5.439145338,4.146474942
Multan,10/18/2022,25.98542736,43.04807701,1004.737037,clear sky,6.637102371,7.158086538
Multan,10/19/2022,34.46682298,48.9449732,1007.23513,clear sky,9.556910952,6.677531761
Multan,10/20/2022,29.00619759,41.56209356,998.6116982,thunderstorm,8.146111585,4.382143925
Multan,10/21/2022,36.12003991,27.15199051,993.2589855,mist,10.77109649,8.766815114
Multan,10/22/2022,21.35988831,50.03995969,1020.096089,clear sky,1.139672716,2.224971068
Multan,10/23/2022,22.48062232,82.17173855,1013.389739,clear sky,1.045473176,4.376337309
Multan,10/24/2022,23.29220651,85.57350448,1033.060027,broken clouds,3.515378397,1.592725205
Multan,10/25/2022,30.63685476,59.08390589,1011.831633,rain,8.100960932,6.461197317
Multan,10/26/2022,39.74031197,34.3854277,987.8722068,few clouds,12.51012173,6.193872095
Multan,10/27/2022,41.42809194,30.97584625,996.9523557,scattered clouds,7.259143839,7.862346771
Multan,10/28/2022,26.63064702,38.07853559,1017.607748,clear sky,3.70069659,3.862319334
Multan,10/29/2022,34.21050366,59.97898428,1006.105988,shower rain,5.691226925,6.629834738
Multan,10/30/2022,38.67239483,31.79505709,984.299049,scattered clouds,14.18172543,5.304397872
Multan,10/31/2022,27.64307689,50.43462217,1017.473765,shower rain,6.817570769,3.827088934
Multan,11/1/2022,30.40717794,50.47218486,995.6843886,mist,5.240698368,3.920682399
Multan,11/2/2022,33.05140666,55.35755387,991.4526968,scattered clouds,5.265463678,3.206717929
Multan,11/3/2022,24.10212147,50.38690155,1013.09948,broken clouds,0.924609317,4.725062581
Multan,11/4/2022,21.59759276,58.80987762,1029.078654,mist,3.312566153,5.904762524
Multan,11/5/2022,24.51453361,76.62136001,1036.930963,few clouds,5.53953875,4.891988942
Multan,11/6/2022,35.41763329,37.90291474,992.7457129,scattered clouds,14.68558692,9.303159811
Multan,11/7/2022,22.69322002,77.41355128,1038.073542,clear sky,3.511165,1.030038302
Multan,11/8/2022,25.36301639,42.40473874,992.7711252,clear sky,4.170504411,3.589349819
Multan,11/9/2022,28.77063937,40.84666488,991.8226119,clear sky,7.780652799,5.795101696
Multan,11/10/2022,22.79101148,79.51792033,1024.167678,broken clouds,5.297539399,5.889344424
Multan,11/11/2022,25.40908324,52.23713091,1018.98349,scattered clouds,3.501898246,6.303564655
Multan,11/12/2022,41.95920515,32.14115985,990.0544262,clear sky,13.5013913,6.870683469
Multan,11/13/2022,21.44388004,61.65868096,1002.060609,scattered clouds,5.80525673,1.730746527
Multan,11/14/2022,36.02893426,38.50309637,984.4243731,few clouds,9.72541054,5.764178472
Multan,11/15/2022,29.84140541,46.55639826,997.3437872,broken clouds,6.92295763,4.813766012
Multan,11/16/2022,36.47092101,35.80984712,986.7571426,clear sky,12.13408064,8.569050987
Multan,11/17/2022,34.53990957,36.42924786,991.3081015,thunderstorm,7.737236875,3.159096455
Multan,11/18/2022,26.14047135,40.32122366,1017.146781,mist,3.115751847,7.260887957
Multan,11/19/2022,40.48581821,37.49159033,990.3112789,clear sky,6.224353038,9.707757178
Multan,11/20/2022,32.3146288,31.5032109,1010.127924,rain,4.13813389,7.444082303
Multan,11/21/2022,39.91832844,30.24630623,981.3434567,clear sky,12.55675889,9.565134547
Multan,11/22/2022,30.33828833,44.4511644,991.623464,few clouds,6.08058494,3.076696397
Multan,11/23/2022,43.64776774,35.02460378,991.7293554,mist,10.45502626,9.88896158
Multan,11/24/2022,38.72125525,25.63787541,997.7459202,scattered clouds,12.72687437,6.831785574
Multan,11/25/2022,43.21685472,24.38133644,990.56964,clear sky,8.409822691,9.346405592
Multan,11/26/2022,32.82950901,57.78398516,1016.334575,rain,8.242231591,3.934044353
Multan,11/27/2022,31.89489604,47.15128956,1014.329738,clear sky,6.096094922,5.232628713
Multan,11/28/2022,38.37543761,22.09379137,981.5170757,rain,8.771801878,5.220821943
Multan,11/29/2022,41.24669905,23.86072324,984.0391495,mist,8.330372641,5.200379984
Multan,11/30/2022,43.1753533,39.97652119,993.1542134,few clouds,14.64944815,9.716380504
Multan,12/1/2022,9.517382403,57.82435985,1017.740055,thunderstorm,5.403813875,5.053033063
Multan,12/2/2022,17.57797776,74.41902045,1011.627993,shower rain,0.141371585,3.649130222
Multan,12/3/2022,7.58097516,66.80512316,1016.745354,few clouds,6.701908406,3.627290868
Multan,12/4/2022,13.27476389,85.42396379,1017.807986,clear sky,5.428077408,4.743773092
Multan,12/5/2022,7.057418523,80.20674369,1036.42209,mist,1.044223001,2.708343908
Multan,12/6/2022,9.90575515,73.87805585,1004.138331,rain,0.534366878,4.809346379
Multan,12/7/2022,19.83309224,50.42955927,1011.18923,broken clouds,2.157358656,3.4250419
Multan,12/8/2022,6.483541896,85.1918083,1021.502593,rain,4.369270705,4.189587015
Multan,12/9/2022,14.75081522,67.78669883,1027.931477,rain,4.315826824,5.824147251
Multan,12/10/2022,14.08022264,87.26310612,1025.225492,broken clouds,1.930950876,3.356577788
Multan,12/11/2022,6.052551996,69.82156051,1037.66571,shower rain,3.119724851,3.092023299
Multan,12/12/2022,9.541643744,77.76897957,1031.824357,few clouds,1.48323109,5.52874587
Multan,12/13/2022,13.57068558,52.77170598,1022.283074,mist,0.354050796,5.512902475
Multan,12/14/2022,7.182036353,79.80606614,1008.587308,scattered clouds,3.618793272,5.962093509
Multan,12/15/2022,17.61060216,63.51984125,1018.034969,thunderstorm,2.42893794,3.754314997
Multan,12/16/2022,20.52666066,64.05436057,1027.73529,thunderstorm,3.800177026,2.721307705
Multan,12/17/2022,7.650909799,54.74623379,1033.518487,clear sky,6.625551257,2.201950316
Multan,12/18/2022,7.177503401,55.87428595,1038.389449,few clouds,1.003592182,1.170481785
Multan,12/19/2022,11.73389622,57.43036225,1024.218111,thunderstorm,0.013734128,4.633643121
Multan,12/20/2022,16.71200971,63.12824674,1021.076775,broken clouds,0.538147493,2.167380869
Multan,12/21/2022,8.787210374,85.67879651,1000.707677,mist,3.238958073,4.033204426
Multan,12/22/2022,4.337958448,64.73040953,1002.883963,thunderstorm,4.948524209,5.582961827
Multan,12/23/2022,13.20075068,78.97450826,1006.2442,clear sky,4.065345223,5.751068037
Multan,12/24/2022,20.26220965,53.30990016,1002.190397,mist,3.464262252,1.02205067
Multan,12/25/2022,10.65170654,73.64395197,1016.03453,mist,2.477741918,2.585375157
Multan,12/26/2022,11.14228742,69.27564925,1013.475142,thunderstorm,2.169819201,5.186890147
Multan,12/27/2022,20.47132919,89.11831788,1025.494166,thunderstorm,2.634003226,3.682226027
Multan,12/28/2022,15.8083294,83.8483108,1021.426604,clear sky,4.281444678,5.037543667
Multan,12/29/2022,16.22592269,68.1931909,1023.83883,mist,1.174277691,5.266616414
Multan,12/30/2022,13.56593409,81.00571056,1018.879088,clear sky,5.399534581,3.2131311
Multan,12/31/2022,20.56835658,57.72154965,1011.109486,few clouds,4.026772681,2.79491469
Multan,1/1/2023,15.71073024,72.4934531,1038.113013,thunderstorm,1.884094643,3.27716633
Multan,1/2/2023,19.21555678,52.98476222,1003.456366,scattered clouds,3.50807074,4.263976013
Multan,1/3/2023,15.88944072,63.92356129,1037.55564,shower rain,6.739450814,2.835795764
Multan,1/4/2023,16.49696902,59.03448726,1012.449522,scattered clouds,0.143440704,4.874941443
Multan,1/5/2023,8.936985676,78.75639261,1020.506458,thunderstorm,1.396658486,5.519963968
Multan,1/6/2023,9.159137866,69.60362765,1004.353693,mist,3.138661679,2.411556011
Multan,1/7/2023,17.31073904,80.04281915,1002.837243,clear sky,4.469078052,5.824948221
Multan,1/8/2023,9.044006916,70.61181751,1017.181818,few clouds,1.485597864,4.113626234
Multan,1/9/2023,13.5670912,53.45937769,1029.667895,mist,6.519827639,5.390843856
Multan,1/10/2023,8.238989285,79.41470599,1010.774591,mist,4.498004087,1.519582176
Multan,1/11/2023,17.88871747,83.32917056,1022.493916,clear sky,6.142023643,2.257495685
Multan,1/12/2023,5.878522971,86.14124904,1011.146014,clear sky,2.305225512,2.605095397
Multan,1/13/2023,18.10059288,72.87967781,1015.544522,rain,5.80267754,2.514110756
Multan,1/14/2023,14.24640661,80.14341436,1036.257853,rain,2.647534518,1.859305783
Multan,1/15/2023,7.177462092,80.08177348,1034.233585,rain,1.769262407,5.341004738
Multan,1/16/2023,13.21460155,56.22999039,1020.640702,mist,6.381587374,3.093060706
Multan,1/17/2023,8.802480226,56.5688275,1009.524225,scattered clouds,0.64552933,5.815651062
Multan,1/18/2023,9.49894469,52.83542023,1007.727357,rain,6.600221572,3.917361834
Multan,1/19/2023,9.975976707,62.79654541,1038.163494,rain,3.209606441,1.691973178
Multan,1/20/2023,5.076427199,68.94034351,1008.108664,scattered clouds,6.948378314,3.729523549
Multan,1/21/2023,20.76134863,89.91591411,1032.326732,clear sky,3.777162576,5.967725739
Multan,1/22/2023,4.536088678,67.23973368,1014.758808,scattered clouds,5.302417205,3.825858435
Multan,1/23/2023,15.26244684,79.04970354,1039.426394,shower rain,0.049497114,1.009346726
Multan,1/24/2023,10.31087001,77.73588105,1014.72623,clear sky,3.47666774,5.665399518
Multan,1/25/2023,14.98217495,58.17927801,1014.060665,clear sky,5.162174301,2.174472031
Multan,1/26/2023,10.0562203,52.34028606,1025.498545,mist,5.47978914,4.442645265
Multan,1/27/2023,15.45376099,71.84027006,1038.460672,mist,1.106340078,3.575400775
Multan,1/28/2023,16.39700366,78.01222369,1039.048384,rain,2.932796653,2.627168784
Multan,1/29/2023,15.73939489,89.93007161,1028.288246,rain,2.933503707,2.413197618
Multan,1/30/2023,5.937353683,64.34444209,1030.184255,clear sky,0.725485659,5.643799313
Multan,1/31/2023,15.16718499,85.85458248,1022.536087,shower rain,3.101318554,5.55962948
Multan,2/1/2023,8.759788341,65.27729823,1030.23103,mist,5.649650711,3.5656742
Multan,2/2/2023,4.4896233,77.57646834,1034.391186,broken clouds,2.101265163,2.292475978
Multan,2/3/2023,11.05212142,73.93011722,1019.443812,mist,3.028021653,1.511710161
Multan,2/4/2023,11.37023275,52.11915173,1024.794491,clear sky,6.726710795,1.782881914
Multan,2/5/2023,11.94196027,53.13553708,1021.492668,mist,0.221956531,3.611258629
Multan,2/6/2023,15.98201081,50.83056359,1022.498825,rain,4.140652375,2.539149803
Multan,2/7/2023,9.250344755,64.83336338,1035.601916,shower rain,5.204052642,1.210340711
Multan,2/8/2023,9.359768723,79.83204195,1014.224673,thunderstorm,5.326177038,3.275836927
Multan,2/9/2023,5.029388356,56.91021576,1008.327361,scattered clouds,5.011566174,4.730946462
Multan,2/10/2023,15.67596067,74.23411874,1018.251204,scattered clouds,5.085160104,5.45847558
Multan,2/11/2023,13.65304355,61.5531112,1008.323408,thunderstorm,0.41308866,3.926420228
Multan,2/12/2023,9.940226916,81.87970496,1019.936017,few clouds,3.738956334,4.616460619
Multan,2/13/2023,15.98821264,81.93584596,1036.140324,rain,5.480783502,2.820352354
Multan,2/14/2023,13.13508174,81.0165806,1024.697341,shower rain,0.658455343,3.481190896
Multan,2/15/2023,11.97716408,70.99334055,1034.217314,thunderstorm,0.084349457,4.648134283
Multan,2/16/2023,12.69251724,61.3826684,1006.647637,mist,5.701932821,4.638291137
Multan,2/17/2023,14.81791813,82.37776176,1036.034944,shower rain,4.986060713,3.122631323
Multan,2/18/2023,15.22004428,57.44402248,1024.071487,clear sky,2.885444918,3.718336708
Multan,2/19/2023,8.912282925,61.59038408,1001.270392,few clouds,6.582775028,5.619276698
Multan,2/20/2023,6.392637178,57.35790825,1025.324758,mist,5.366186663,4.159988025
Multan,2/21/2023,6.66278108,76.96840642,1038.055878,mist,6.775026591,4.212873128
Multan,2/22/2023,14.86964506,77.44944112,1003.16668,rain,6.505206817,4.923101462
Multan,2/23/2023,18.83884586,76.10039971,1023.298245,broken clouds,3.369055221,1.576114482
Multan,2/24/2023,10.96143673,66.62405867,1036.619144,shower rain,5.282962851,3.614421458
Multan,2/25/2023,6.881842726,54.00684029,1000.387807,few clouds,4.684339722,5.797158681
Multan,2/26/2023,16.86224247,86.44678338,1025.236517,broken clouds,5.680116471,2.808301961
Multan,2/27/2023,18.15232107,70.30923856,1018.996092,clear sky,5.513818816,2.474630732
Multan,2/28/2023,18.96990153,66.2788878,1013.879573,thunderstorm,1.07262379,4.006039828
Multan,3/1/2023,34.95712287,47.6647468,1008.826095,thunderstorm,4.636148723,4.105597123
Multan,3/2/2023,40.79675687,23.85580872,981.0540419,clear sky,7.657315772,7.779725783
Multan,3/3/2023,21.35454404,55.30195116,1030.122522,clear sky,5.729489915,1.778260054
Multan,3/4/2023,23.46642344,66.22100886,1000.179179,rain,5.675191928,3.898967303
Multan,3/5/2023,23.12924954,59.08882776,1012.27743,rain,3.467347429,4.011895918
Multan,3/6/2023,37.38990774,24.88580589,990.0791728,mist,10.80832259,7.092002395
Multan,3/7/2023,22.60038102,85.70045951,1015.08089,thunderstorm,5.788455071,2.913732127
Multan,3/8/2023,32.41638057,45.92277532,999.2242781,shower rain,5.188155205,4.227291392
Multan,3/9/2023,31.87225867,44.50407193,1014.925054,few clouds,3.351251438,4.654611539
Multan,3/10/2023,28.14618104,50.68438781,1018.044977,shower rain,6.378175068,5.491729836
Multan,3/11/2023,41.01931891,39.03096227,997.4742537,clear sky,14.13717144,6.238294505
Multan,3/12/2023,24.91996364,54.48794258,1020.897253,rain,5.533277827,4.914172317
Multan,3/13/2023,29.10664404,55.00603701,1016.524925,mist,5.566321122,6.545176207
Multan,3/14/2023,38.8059445,31.6803836,998.4172313,few clouds,5.647713605,6.346529336
Multan,3/15/2023,21.69971323,55.84661415,1016.369536,mist,4.458436538,1.487175816
Multan,3/16/2023,36.47785921,25.94298637,985.6689172,clear sky,13.34490796,5.000900195
Multan,3/17/2023,39.77714771,29.64722833,981.9653041,few clouds,11.64948566,7.983594262
Multan,3/18/2023,42.44216029,33.82354289,989.5818384,broken clouds,9.250746648,6.056818732
Multan,3/19/2023,41.15482273,24.85214034,998.9259384,scattered clouds,6.233536132,5.062912351
Multan,3/20/2023,28.34583469,46.04636446,1006.827226,rain,9.375419709,4.795426353
Multan,3/21/2023,34.48637525,50.54014882,1010.026863,thunderstorm,4.93170828,7.809992312
Multan,3/22/2023,22.77775034,67.94963003,1004.515353,few clouds,1.570009255,4.449714038
Multan,3/23/2023,26.93101008,55.89077883,994.3055899,rain,8.711836659,7.288818515
Multan,3/24/2023,23.16711471,84.77836411,1018.57893,few clouds,6.868539571,1.723695491
Multan,3/25/2023,28.24930767,44.12073653,1018.537944,mist,7.621121811,3.366440773
Multan,3/26/2023,41.12930591,39.45851421,987.2156928,clear sky,11.24810489,5.057648818
Multan,3/27/2023,28.98483731,32.26755277,1016.324521,clear sky,5.236016085,7.77831145
Multan,3/28/2023,33.92365637,30.10087135,993.6086578,thunderstorm,3.142894155,4.501013677
Multan,3/29/2023,30.96775951,41.42004791,1008.510516,clear sky,4.342585061,5.297524712
Multan,3/30/2023,31.55508006,48.03291184,1008.018389,mist,7.091013056,4.972618118
Multan,3/31/2023,43.30015719,32.58400315,997.197495,broken clouds,6.513164618,8.652284677
Multan,4/1/2023,27.81155277,44.29337209,990.0995011,broken clouds,9.186850649,4.54982441
Multan,4/2/2023,35.4284628,22.49766626,983.7986333,rain,6.881446879,7.677264413
Multan,4/3/2023,30.6614414,35.11492565,996.5906288,scattered clouds,6.654731171,7.977911325
Multan,4/4/2023,22.40636216,84.08591935,1037.998644,broken clouds,3.58409272,3.220317757
Multan,4/5/2023,32.25460913,56.03733395,994.6108097,clear sky,7.227619411,5.756357703
Multan,4/6/2023,39.70689657,33.47797076,980.739247,clear sky,8.274340697,7.512640312
Multan,4/7/2023,23.27131828,76.56871889,1021.37846,broken clouds,6.114739407,5.015930791
Multan,4/8/2023,22.60061249,73.90728512,1021.142338,shower rain,3.110110752,2.33419827
Multan,4/9/2023,24.53352497,58.11703543,1033.761879,clear sky,4.901075051,1.852190081
Multan,4/10/2023,38.58120256,28.56501401,998.977193,scattered clouds,11.35910861,8.770465791
Multan,4/11/2023,37.65189384,33.91789303,990.7709088,clear sky,6.171560831,7.078090932
Multan,4/12/2023,33.99540868,46.11756816,1017.899825,clear sky,7.358475469,7.568630045
Multan,4/13/2023,31.76920729,30.55741002,1011.754775,rain,6.854918746,6.220796429
Multan,4/14/2023,41.43149374,39.07113613,985.2911826,few clouds,13.98604063,7.821715559
Multan,4/15/2023,38.63404995,36.89632105,998.5684142,clear sky,13.80876636,5.352285274
Multan,4/16/2023,39.67467178,25.21090028,993.3488635,clear sky,6.509547874,8.652059526
Multan,4/17/2023,39.70503293,32.3291787,988.2819187,clear sky,5.816851456,8.430201828
Multan,4/18/2023,35.78249456,38.46478767,993.6048417,rain,7.945922192,8.200359622
Multan,4/19/2023,31.53433636,32.88033036,1002.039385,scattered clouds,9.906289997,4.339547618
Multan,4/20/2023,40.88758831,30.06058962,982.2836754,few clouds,5.215737764,9.733696608
Multan,4/21/2023,42.2981706,29.12486052,994.3795749,rain,11.7289224,6.608275635
Multan,4/22/2023,21.54753899,66.40820021,1032.963504,clear sky,4.259596137,1.761154784
Multan,4/23/2023,22.18576209,83.42354436,1029.152248,clear sky,4.526047963,5.936005775
Multan,4/24/2023,43.05109583,27.61292293,984.5822934,clear sky,7.182858898,8.731231396
Multan,4/25/2023,27.37469412,31.9099,1018.69905,clear sky,4.587021421,5.073934412
Multan,4/26/2023,41.08749711,21.31675484,980.5050912,broken clouds,9.306420822,9.679582154
Multan,4/27/2023,29.94228774,31.2823382,999.9805589,shower rain,3.671004649,3.455586872
Multan,4/28/2023,23.73930133,66.36581687,1010.403697,clear sky,0.522292463,1.438306082
Multan,4/29/2023,22.8501936,78.73625111,1001.925049,few clouds,0.618516174,4.412255093
Multan,4/30/2023,24.59968168,58.14889848,1016.229188,shower rain,4.010854199,1.889860242
Multan,5/1/2023,26.74754348,49.39405561,1008.693445,clear sky,5.784192998,7.585697576
Multan,5/2/2023,32.23592214,50.61265416,1016.476586,few clouds,5.055317465,7.201795871
Multan,5/3/2023,37.13445171,25.10404248,999.7937943,few clouds,8.158193797,6.531836121
Multan,5/4/2023,43.68716726,32.01115312,996.1617917,broken clouds,7.072833058,9.444197911
Multan,5/5/2023,31.1546551,50.5460502,1004.060416,clear sky,5.880537347,3.214438435
Multan,5/6/2023,32.91825367,43.99840868,1011.711133,rain,4.421406484,5.743189264
Multan,5/7/2023,33.00176113,40.10149792,1015.308714,rain,7.886322296,7.677813869
Multan,5/8/2023,33.40699018,48.57454655,1003.959216,mist,3.867527589,7.276914895
Multan,5/9/2023,32.90803511,59.33541262,1013.551633,shower rain,9.637694592,4.780366619
Multan,5/10/2023,21.20181937,67.07365637,1019.306097,shower rain,0.628732581,1.914352176
Multan,5/11/2023,21.03967091,65.66940385,1015.45984,mist,6.604225,2.052702942
Multan,5/12/2023,23.24632532,68.5706761,1021.043634,broken clouds,5.833064801,3.57253939
Multan,5/13/2023,23.33580188,53.04873574,1027.03419,clear sky,4.764984844,3.983864719
Multan,5/14/2023,37.21262891,31.06326559,994.5376411,few clouds,14.12301656,5.164071583
Multan,5/15/2023,25.71306875,39.86092162,1000.702088,clear sky,3.974531555,5.067757796
Multan,5/16/2023,41.57842441,22.42844245,991.426405,clear sky,6.763147742,9.151935578
Multan,5/17/2023,42.35794558,29.32513482,998.1974175,mist,7.521525921,7.221644751
Multan,5/18/2023,43.44554677,20.06767973,999.526258,broken clouds,7.448115268,5.845876955
Multan,5/19/2023,42.59887001,28.0357049,984.5449618,clear sky,8.108482709,9.774301465
Multan,5/20/2023,27.2534314,33.17205804,995.784935,clear sky,7.029416288,4.3313777
Multan,5/21/2023,32.72486743,30.7287811,1010.300569,thunderstorm,3.197208279,6.992141328
Multan,5/22/2023,25.03546431,54.73425139,1002.440517,rain,5.675908165,3.968970832
Multan,5/23/2023,39.54282207,38.32497607,980.4844468,rain,7.463851279,7.115863646
Multan,5/24/2023,41.43392922,24.15349297,986.9372374,few clouds,11.06629848,7.452112699
Multan,5/25/2023,40.5796433,30.78596528,996.1348949,clear sky,14.85169331,7.50317648
Multan,5/26/2023,30.96743982,38.33874471,1013.922808,mist,6.623582285,5.582369341
Multan,5/27/2023,38.44949935,29.87154877,989.893703,mist,9.256852391,6.124737703
Multan,5/28/2023,23.2443209,67.46525284,1018.903117,thunderstorm,2.577704816,3.57957761
Multan,5/29/2023,21.92562972,60.7620422,1023.180298,rain,5.494644532,3.408563769
Multan,5/30/2023,38.32443753,34.00787159,984.3879342,clear sky,5.719809317,6.043597486
Multan,5/31/2023,30.78317131,33.79472878,1005.781309,thunderstorm,9.718393601,7.940957798
Multan,6/1/2023,43.89763309,21.06145564,980.2209272,clear sky,9.17917886,9.327816964
Multan,6/2/2023,23.23684696,80.70701732,1019.022382,scattered clouds,2.195905081,5.437881755
Multan,6/3/2023,40.67943668,33.31860062,986.7210209,clear sky,14.74068116,8.427855252
Multan,6/4/2023,32.03961051,44.95578372,1010.246088,rain,9.551152043,3.799485153
Multan,6/5/2023,40.0244545,29.35579541,992.7670717,mist,11.4193414,7.840460319
Multan,6/6/2023,39.79392749,29.94822759,987.6167176,clear sky,5.185073749,9.107198158
Multan,6/7/2023,42.06781603,28.74048152,980.1454596,broken clouds,12.48534976,5.193682443
Multan,6/8/2023,27.85055026,41.78676887,997.5682089,clear sky,5.3489018,5.479215516
Multan,6/9/2023,42.84538513,29.99381206,992.666957,rain,8.882802309,6.9806144
Multan,6/10/2023,24.48834009,71.14060685,1002.894934,broken clouds,1.111194903,2.060623648
Multan,6/11/2023,22.88528188,77.67609256,1004.305697,rain,3.664206587,2.891250019
Multan,6/12/2023,30.9271569,51.33621482,1009.411051,clear sky,8.211868173,7.917487554
Multan,6/13/2023,40.05142828,27.5525816,995.115348,broken clouds,7.730111181,8.616216632
Multan,6/14/2023,31.888686,42.40621568,999.6464912,clear sky,9.571130356,4.4976854
Multan,6/15/2023,40.07359358,27.47394339,989.7934613,mist,6.94736856,8.026775257
Multan,6/16/2023,37.78279653,30.73071547,998.9142273,few clouds,5.662623406,6.233281201
Multan,6/17/2023,25.81685288,43.60060614,1018.366307,clear sky,7.510547113,6.054219545
Multan,6/18/2023,42.82427737,37.79192926,986.1500555,broken clouds,13.49318732,9.480833447
Multan,6/19/2023,22.39796688,77.85445068,1032.399515,clear sky,6.671930015,3.784384
Multan,6/20/2023,41.66043327,37.97312768,991.8788811,clear sky,12.67171011,8.666699877
Multan,6/21/2023,28.00219933,51.27410975,1019.264535,scattered clouds,4.397550081,5.266694994
Multan,6/22/2023,32.50340591,59.12976446,1004.328407,broken clouds,9.843628294,5.620619588
Multan,6/23/2023,30.71409307,49.07210335,1013.241206,clear sky,9.436051132,6.475375394
Multan,6/24/2023,24.95219481,88.54200553,1030.725485,broken clouds,1.142171959,5.062025025
Multan,6/25/2023,29.23737793,34.74509671,1004.922986,clear sky,6.911500788,6.297256933
Multan,6/26/2023,25.43749203,31.57433042,1013.868903,few clouds,6.888621982,7.887459969
Multan,6/27/2023,25.68938894,47.37375556,997.83121,clear sky,6.097743447,7.099112939
Multan,6/28/2023,25.30230723,59.50479617,993.6675911,shower rain,9.889969312,6.885801023
Multan,6/29/2023,32.24739975,42.52815742,1002.754912,mist,3.41735566,7.225507895
Multan,6/30/2023,39.35242145,24.24086724,998.8726131,scattered clouds,11.27208908,6.406054677
Multan,7/1/2023,34.08631078,45.64624348,1005.022338,shower rain,4.437125359,5.16023577
Multan,7/2/2023,41.54375154,32.97597249,992.7051828,rain,10.27331205,7.822314592
Multan,7/3/2023,35.64052324,26.30357391,992.4832491,rain,12.79740772,7.311931592
Multan,7/4/2023,36.85482266,34.29538717,982.6514573,clear sky,7.467268032,9.237289091
Multan,7/5/2023,36.35496628,39.50229014,987.8059376,few clouds,8.933595465,5.135342588
Multan,7/6/2023,31.33756144,56.90889365,1011.208169,shower rain,9.65537652,4.045877086
Multan,7/7/2023,36.85479291,25.83170747,999.439802,broken clouds,12.61480738,9.408532705
Multan,7/8/2023,22.60327817,63.06894733,1006.72071,rain,4.009062292,1.295500688
Multan,7/9/2023,40.77658385,27.43082449,988.2088378,broken clouds,7.219973878,6.134941518
Multan,7/10/2023,38.8896793,27.89105557,981.901876,mist,9.253054375,6.756251652
Multan,7/11/2023,26.64028904,33.00958498,997.2712938,mist,8.418429233,6.753702804
Multan,7/12/2023,38.66474645,35.23925678,987.5351869,broken clouds,13.20543078,7.800903481
Multan,7/13/2023,21.29077983,64.61357054,1021.62573,broken clouds,1.712243387,5.773023514
Multan,7/14/2023,25.99667117,56.3945993,996.9170065,thunderstorm,7.634421473,4.139375075
Multan,7/15/2023,22.49815649,87.07762492,1009.102506,thunderstorm,0.665020945,5.360602025
Multan,7/16/2023,38.94521908,20.48862619,995.5565996,mist,5.232123075,6.414567449
Multan,7/17/2023,38.38510548,39.7700614,999.2528333,rain,10.48673923,6.227491296
Multan,7/18/2023,39.71362855,34.20045463,986.4722594,clear sky,7.243798543,7.49187599
Multan,7/19/2023,21.10307895,70.81568904,1027.519681,clear sky,0.552384219,1.356022526
Multan,7/20/2023,32.52835271,41.68582825,997.7424138,shower rain,8.10879819,4.921535065
Multan,7/21/2023,37.21123254,30.37036265,998.5590451,clear sky,9.979745884,6.778379841
Multan,7/22/2023,24.57422596,62.98498896,1026.916094,shower rain,5.573939077,1.800507779
Multan,7/23/2023,35.94518673,32.45375627,996.0535371,mist,11.6394424,9.303974226
Multan,7/24/2023,22.93453228,53.71921106,1001.974162,shower rain,5.108634579,2.929448219
Multan,7/25/2023,25.17049469,48.63367809,1007.955179,shower rain,5.151524069,7.909600898
Multan,7/26/2023,31.94332674,38.2603455,1005.82837,thunderstorm,4.84293078,7.498539745
Multan,7/27/2023,36.03199851,20.35269658,985.8599381,clear sky,11.00874892,5.974053498
Multan,7/28/2023,24.35498992,72.10823065,1010.497199,scattered clouds,1.400574983,3.525610862
Multan,7/29/2023,25.26013661,47.35343268,1007.400744,broken clouds,8.707884809,6.009020692
Multan,7/30/2023,25.70226644,42.79707014,1011.194569,scattered clouds,6.660441183,7.094802515
Multan,7/31/2023,26.49011851,32.16858698,990.9951827,shower rain,4.588929526,7.428213748
Multan,8/1/2023,26.21073852,56.80028858,1007.022047,rain,7.376177626,6.120090106
Multan,8/2/2023,30.0884295,48.34292422,995.1137859,scattered clouds,9.615250146,3.175671016
Multan,8/3/2023,36.03716197,22.31426599,982.8072546,clear sky,5.820947266,7.406382248
Multan,8/4/2023,31.07473101,45.3279173,1008.693585,scattered clouds,3.765416451,7.424017681
Multan,8/5/2023,38.8473999,29.94508632,986.2174023,broken clouds,13.43839147,8.570448013
Multan,8/6/2023,37.54317564,21.20803738,988.8176047,scattered clouds,6.095937746,9.350709707
Multan,8/7/2023,23.91011902,74.27438814,1014.399952,clear sky,0.275627585,4.370398949
Multan,8/8/2023,22.12335734,82.33305596,1025.933453,broken clouds,2.435514067,1.220175049
Multan,8/9/2023,41.19265597,34.98016108,989.4023953,scattered clouds,9.667058849,9.840033281
Multan,8/10/2023,22.83611453,58.11877657,1038.538346,clear sky,3.986111057,5.590092703
Multan,8/11/2023,24.41180116,84.49170118,1014.09531,thunderstorm,3.551101628,1.6328977
Multan,8/12/2023,21.50906534,63.70168663,1029.611374,mist,6.392291939,1.563455834
Multan,8/13/2023,35.4517364,38.93016757,985.1458514,clear sky,12.686681,7.695392502
Multan,8/14/2023,34.39452295,32.15243893,1005.262593,mist,9.886671791,6.785254173
Multan,8/15/2023,43.69878433,29.72417377,991.051395,scattered clouds,9.764554232,6.91086606
Multan,8/16/2023,41.39944512,31.94248754,986.5821856,mist,5.843296098,5.681910818
Multan,8/17/2023,30.44939308,37.42950295,1004.153416,thunderstorm,9.688714501,5.552780494
Multan,8/18/2023,29.54647434,53.14140566,998.3783591,few clouds,3.028792131,4.687830681
Multan,8/19/2023,27.82759679,48.80687039,990.1800235,broken clouds,8.432672097,4.758859778
Multan,8/20/2023,24.50535916,50.72437749,1008.625932,rain,0.218974215,4.224927684
Multan,8/21/2023,24.1759241,74.33474363,1028.002567,thunderstorm,5.328499335,5.428040496
Multan,8/22/2023,24.04252528,69.65912938,1030.838521,rain,6.565572579,3.792958654
Multan,8/23/2023,23.62463942,57.84116807,1011.208115,rain,2.724822081,4.438012554
Multan,8/24/2023,26.53177698,59.87244681,1002.24129,clear sky,4.686753959,6.299734958
Multan,8/25/2023,28.0533785,56.91486584,991.1209698,few clouds,4.583954068,5.755730963
Multan,8/26/2023,43.11631633,25.8501539,984.741258,broken clouds,9.917176442,6.553790728
Multan,8/27/2023,34.30488477,46.23212762,1013.376579,mist,4.19620925,4.888970925
Multan,8/28/2023,43.71470281,26.3300428,992.1197254,rain,11.72923631,6.578518992
Multan,8/29/2023,29.5667398,53.26487255,996.1731157,thunderstorm,5.578466502,7.587490482
Multan,8/30/2023,31.52541255,57.909943,997.7232599,few clouds,5.261766447,7.133093353
Multan,8/31/2023,28.46530916,40.76485821,1014.504061,scattered clouds,6.228999034,5.896736864
Multan,9/1/2023,25.20641597,54.16752747,996.2725261,rain,6.798112517,7.561217355
Multan,9/2/2023,24.29278828,69.93630171,1013.366309,scattered clouds,0.993511836,5.432043466
Multan,9/3/2023,42.73682155,27.93157123,993.2871738,mist,12.07763364,9.638471999
Multan,9/4/2023,43.69664568,38.76843704,991.2222477,few clouds,13.829471,6.108869288
Multan,9/5/2023,22.03291842,70.41618755,1018.434808,broken clouds,1.945908413,4.587515189
Multan,9/6/2023,24.45795512,68.69642001,1035.989644,scattered clouds,1.262736313,4.0461225
Multan,9/7/2023,30.74105412,50.17303206,996.5913139,shower rain,8.323537966,6.669153189
Multan,9/8/2023,25.28566996,37.83702603,1012.242597,shower rain,4.284792066,4.31689682
Multan,9/9/2023,29.36924905,39.74378612,994.7719152,scattered clouds,3.288786123,6.474045357
Multan,9/10/2023,23.96921605,87.28183345,1024.629353,few clouds,4.334702543,3.049142576
Multan,9/11/2023,31.4997704,50.35589536,1016.118707,mist,4.678259914,7.170458982
Multan,9/12/2023,27.24897617,54.79911443,1003.737054,thunderstorm,4.202672862,6.976828626
Multan,9/13/2023,29.09381628,38.13335286,1011.728835,thunderstorm,9.871219192,4.056788054
Multan,9/14/2023,23.16919098,71.7516076,1032.815734,few clouds,2.043054884,1.919276382
Multan,9/15/2023,30.84694517,59.14188801,994.0807927,shower rain,9.324103032,6.588658606
Multan,9/16/2023,43.61492505,26.37407798,994.1165379,clear sky,6.782187659,7.752374474
Multan,9/17/2023,28.56316008,34.81429429,1017.595231,few clouds,8.732839924,5.786029553
Multan,9/18/2023,41.15787332,30.21772016,991.5274122,clear sky,10.02018873,8.762576617
Multan,9/19/2023,40.39358026,27.75642177,983.7224449,rain,5.785947691,9.274853965
Multan,9/20/2023,42.89734362,23.19154466,982.5388506,mist,12.33605294,6.194819503
Multan,9/21/2023,39.17251878,37.77102765,985.1947066,few clouds,13.92073372,7.777697734
Multan,9/22/2023,36.17072702,39.81447821,982.0702654,clear sky,6.630169903,9.144773547
Multan,9/23/2023,40.70144222,31.37164361,990.2678814,broken clouds,12.25590242,9.363970856
Multan,9/24/2023,22.73982766,80.98707073,1002.788187,clear sky,3.115367634,2.437046942
Multan,9/25/2023,31.64510512,55.77115109,996.7021387,clear sky,8.277093173,3.520769283
Multan,9/26/2023,43.75289349,34.01964012,988.7982089,rain,12.13927948,6.164116269
Multan,9/27/2023,38.70080348,20.88312098,989.478295,clear sky,5.266002305,9.72749757
Multan,9/28/2023,43.12773369,23.15268463,991.3079697,clear sky,6.78721036,7.312398562
Multan,9/29/2023,38.93159019,21.41978382,994.1122993,few clouds,9.710272429,7.092868953
Multan,9/30/2023,41.12228525,20.19759213,980.9445728,clear sky,14.33594172,5.065421744
Multan,10/1/2023,37.25018154,26.11992818,981.612419,rain,8.420734568,5.255073415
Multan,10/2/2023,38.4915461,27.84711921,981.217183,few clouds,11.2887347,8.343479647
Multan,10/3/2023,33.03309423,37.23089197,1002.694509,rain,3.084586219,5.949135344
Multan,10/4/2023,42.25746712,21.29209296,980.8369589,clear sky,12.11126922,7.877641492
Multan,10/5/2023,39.97589494,30.59726182,994.9216253,few clouds,11.03068263,5.55161438
Multan,10/6/2023,40.40935421,25.4663864,984.4600036,clear sky,12.15394747,6.760305848
Multan,10/7/2023,36.47920932,35.9207431,998.7842499,broken clouds,14.04660613,9.061790693
Multan,10/8/2023,28.00533878,30.24157865,1004.592113,few clouds,4.025492532,3.87455612
Multan,10/9/2023,21.81948529,83.70108205,1017.85303,few clouds,1.831127172,5.413436255
Multan,10/10/2023,42.52006798,39.09507358,995.6107739,clear sky,14.95780892,5.607391502
Multan,10/11/2023,34.48076802,51.48405189,1011.39462,broken clouds,4.09398771,3.845746651
Multan,10/12/2023,27.85728834,52.00932196,1008.219271,rain,8.044389046,5.388749806
Multan,10/13/2023,24.43010748,87.34249246,1037.405868,few clouds,5.075531374,5.726499522
Multan,10/14/2023,40.07903281,24.18142571,988.4451852,mist,11.82993746,6.647738391
Multan,10/15/2023,40.23996447,39.89131136,996.1706335,clear sky,7.274405893,8.291089968
Multan,10/16/2023,39.73368327,35.46962407,987.6018589,clear sky,7.151340632,7.94335628
Multan,10/17/2023,35.83690192,34.53141417,996.7669135,shower rain,11.66341068,5.748113183
Multan,10/18/2023,29.41835391,40.83271737,997.7842389,scattered clouds,4.303751291,4.240834507
Multan,10/19/2023,27.99361655,46.37332456,998.6780122,broken clouds,7.630943322,7.650763863
Multan,10/20/2023,21.19675971,76.15671153,1027.114781,clear sky,3.447697974,1.924148118
Multan,10/21/2023,40.17297385,32.40685723,984.2542659,clear sky,8.866288676,8.475049449
Multan,10/22/2023,23.01095204,78.19938554,1009.166167,broken clouds,2.101626446,5.823472413
Multan,10/23/2023,35.50736495,21.64763478,986.1052486,mist,14.47576933,5.597529961
Multan,10/24/2023,32.59372378,40.66945298,1010.367863,rain,6.556655604,4.995909951
Multan,10/25/2023,33.11385526,43.0200005,1016.681643,scattered clouds,6.928763738,4.119660722
Multan,10/26/2023,42.31439544,25.21258596,993.491353,clear sky,14.49256085,6.107807587
Multan,10/27/2023,21.72714526,56.90509081,1033.11257,scattered clouds,4.577141227,1.59492922
Multan,10/28/2023,38.78802117,22.7785496,990.8712118,clear sky,14.57852928,8.24775592
Multan,10/29/2023,22.19720516,64.65533569,1002.756929,broken clouds,0.744567184,4.73171755
Multan,10/30/2023,21.87753294,69.73766802,1004.018648,clear sky,5.926477422,4.38396955
Multan,10/31/2023,30.88580706,31.8892932,1006.631759,rain,5.347902396,7.623282288
Multan,11/1/2023,22.45072901,87.85832378,1013.112039,clear sky,5.673412675,1.728394044
Multan,11/2/2023,39.15031088,35.30486646,984.4113615,clear sky,13.55636624,6.599226867
Multan,11/3/2023,33.17995115,51.9255532,1003.987708,rain,4.900415203,4.722864049
Multan,11/4/2023,21.667892,56.914421,1026.65987,few clouds,2.861814316,2.160410519
Multan,11/5/2023,21.93151579,74.15203072,1015.399678,clear sky,5.08210048,1.711024721
Multan,11/6/2023,35.09137618,30.59449894,996.0508451,mist,5.990556309,7.43351738
Multan,11/7/2023,39.54057181,39.64937692,994.7704649,clear sky,12.55533534,9.17219814
Multan,11/8/2023,31.06938922,52.4301531,1012.047446,clear sky,3.773310482,7.772698628
Multan,11/9/2023,33.75535545,47.27285651,1019.555691,shower rain,9.401190126,3.646703161
Multan,11/10/2023,39.39607744,37.01625333,985.9045995,few clouds,7.763392933,9.11578614
Multan,11/11/2023,35.041642,23.10188542,992.8945117,clear sky,10.75599347,9.122905615
Multan,11/12/2023,26.16948547,30.45649589,1015.66435,scattered clouds,3.820074501,4.944890608
Multan,11/13/2023,35.10019659,33.80466667,991.5904887,thunderstorm,7.694931547,5.550148121
Multan,11/14/2023,35.45042756,21.9662292,995.7900435,few clouds,9.039550435,9.950040034
Multan,11/15/2023,37.88446056,22.3086728,988.2890437,broken clouds,9.870488767,8.277965153
Multan,11/16/2023,35.28010631,34.89361453,991.8098269,clear sky,5.000674976,9.910978475
Multan,11/17/2023,43.292569,25.41069688,981.1133279,broken clouds,13.88655762,7.418277578
Multan,11/18/2023,25.5376311,48.85893647,1019.573028,few clouds,3.053723667,4.975965
Multan,11/19/2023,42.87508563,38.34813852,996.0003696,clear sky,12.73684563,6.23592738
Multan,11/20/2023,33.38180828,39.49423595,1016.064272,broken clouds,6.294052386,7.917860009
Multan,11/21/2023,36.45499123,24.34288316,993.8858856,scattered clouds,10.23880025,6.266286347
Multan,11/22/2023,23.28761674,54.26251535,1007.442001,scattered clouds,1.457858355,1.118813781
Multan,11/23/2023,29.75324665,33.91387084,990.9308533,shower rain,7.251578452,5.562342068
Multan,11/24/2023,38.69572037,21.24445391,997.2931322,clear sky,10.37231909,6.885252465
Multan,11/25/2023,37.25895335,21.75284758,987.9266131,clear sky,6.642364066,6.306912517
Multan,11/26/2023,21.92320593,67.28018355,1010.554595,shower rain,1.666833009,4.173040582
Multan,11/27/2023,33.57166806,39.62595135,1006.850189,few clouds,3.468325403,4.821343074
Multan,11/28/2023,23.03039844,78.26243257,1016.835941,thunderstorm,0.463985005,3.011254442
Multan,11/29/2023,43.90469787,37.40483316,993.0333199,clear sky,5.13775786,5.115228019
Multan,11/30/2023,41.63782154,35.69546406,989.6758647,few clouds,7.204743255,7.945354643
Multan,12/1/2023,4.358371227,71.22549027,1027.889326,scattered clouds,4.757628592,1.610355149
Multan,12/2/2023,18.59704284,54.09768465,1034.136931,rain,2.213507717,2.069024294
Multan,12/3/2023,19.63030321,78.39069136,1007.82228,scattered clouds,2.399139889,4.585589103
Multan,12/4/2023,10.01031978,64.51314899,1013.177315,clear sky,0.923337753,2.566213631
Multan,12/5/2023,16.23152814,53.42601576,1017.472623,mist,4.028294674,1.816050987
Multan,12/6/2023,11.51576369,83.69865629,1038.482338,scattered clouds,2.395005491,3.887120735
Multan,12/7/2023,15.13895224,63.52866069,1014.613345,clear sky,4.734217624,2.074522475
Multan,12/8/2023,9.785395873,58.7299533,1015.243994,scattered clouds,5.190216282,2.35489107
Multan,12/9/2023,9.483507023,84.85808258,1026.138901,shower rain,4.092850127,4.10669655
Multan,12/10/2023,11.21537611,86.08535474,1016.767988,rain,1.932486758,4.699308907
Multan,12/11/2023,6.474651897,63.55883349,1038.04895,broken clouds,3.560254595,4.698298426
Multan,12/12/2023,18.1293624,64.19205677,1035.77875,broken clouds,1.763515633,3.411217059
Multan,12/13/2023,9.927864221,73.1851411,1020.536351,shower rain,6.320389847,3.271484555
Multan,12/14/2023,10.80254242,79.33765975,1025.791009,thunderstorm,5.364700251,4.938225921
Multan,12/15/2023,19.19892842,52.52596808,1002.321222,clear sky,3.451041342,1.965173626
Multan,12/16/2023,12.44260484,73.73374629,1027.829221,broken clouds,6.758200002,1.761012238
Multan,12/17/2023,13.25231646,88.11280247,1028.288035,mist,3.827288127,4.32347533
Multan,12/18/2023,20.26046812,60.48375589,1014.367972,rain,2.299748339,3.047534672
Multan,12/19/2023,19.07434851,86.35308856,1008.787315,scattered clouds,0.668271106,4.549992303
Multan,12/20/2023,6.880934051,88.00673363,1036.603136,clear sky,3.806219514,2.283001117
Multan,12/21/2023,12.04465551,60.76614564,1017.068196,scattered clouds,6.022916281,2.624359405
Multan,12/22/2023,20.51203587,80.16807464,1026.148244,few clouds,6.067031097,5.483388246
Multan,12/23/2023,10.33022707,59.55100033,1001.333152,clear sky,4.231969467,3.108282634
Multan,12/24/2023,10.31674284,79.50444647,1016.562687,scattered clouds,2.754068543,3.954767349
Multan,12/25/2023,7.31551394,81.89679885,1032.690352,clear sky,4.552074157,1.533410971
Multan,12/26/2023,5.94349294,59.88822815,1015.50304,mist,5.334982482,1.894145861
Multan,12/27/2023,16.58518144,78.63478174,1024.126446,rain,2.881373491,1.179438644
Multan,12/28/2023,17.09051797,82.48418155,1008.394232,shower rain,3.333779185,3.121854059
Multan,12/29/2023,20.47322038,64.34315488,1016.661026,few clouds,4.764314152,5.944600022
Multan,12/30/2023,17.14810959,56.70811104,1037.105509,clear sky,6.136568243,5.369365763
Multan,12/31/2023,8.136992399,53.67858269,1022.65807,few clouds,5.537072647,4.164544575
Multan,1/1/2024,4.681981831,73.01526814,1036.077258,thunderstorm,0.156739585,5.30548246
Multan,1/2/2024,20.75243553,89.12392477,1036.080772,thunderstorm,0.870606406,3.970846782
Multan,1/3/2024,9.787661824,82.9180128,1037.765912,thunderstorm,5.969447262,2.843844402
Multan,1/4/2024,9.303516221,67.43358556,1035.815666,clear sky,5.836759796,1.867732006
Multan,1/5/2024,19.40123857,71.46483611,1000.131245,few clouds,2.721647482,4.265243709
Multan,1/6/2024,13.94669828,61.18111542,1037.360596,rain,4.089945457,1.965256382
Multan,1/7/2024,7.652809955,56.52263469,1005.498378,mist,6.340914877,3.087142086
Multan,1/8/2024,19.11463613,69.28324633,1001.59705,rain,6.380910767,5.129009211
Multan,1/9/2024,20.88713454,68.54006265,1002.215541,mist,5.48164992,1.646146513
Multan,1/10/2024,5.47353554,70.87719811,1013.956648,thunderstorm,1.467122569,1.645107095
Multan,1/11/2024,18.65827768,88.11218342,1024.832163,scattered clouds,5.111979651,2.122012078
Multan,1/12/2024,10.63876686,74.15581201,1016.092448,clear sky,0.707689026,3.759586536
Multan,1/13/2024,12.90923159,74.23087346,1001.022171,few clouds,6.257569216,2.258617391
Multan,1/14/2024,19.55187159,55.12099051,1019.059305,broken clouds,1.044041625,3.515989686
Multan,1/15/2024,20.54744633,89.85955465,1017.68523,clear sky,4.636440481,2.509913055
Multan,1/16/2024,8.456786477,80.91379777,1030.273971,rain,4.27170292,3.531211025
Multan,1/17/2024,7.618463106,85.08813376,1011.184516,clear sky,5.438297591,2.388157245
Multan,1/18/2024,5.368781496,66.57201647,1008.701247,scattered clouds,3.861042517,5.900061878
Multan,1/19/2024,13.5505635,70.08512383,1010.237558,scattered clouds,0.416966028,3.463589506
Multan,1/20/2024,4.231274723,70.88335237,1012.149593,clear sky,4.940923778,4.718217171
Multan,1/21/2024,11.00227106,57.76378157,1023.966595,few clouds,2.682081912,4.502732794
Multan,1/22/2024,5.247528283,77.57956625,1018.861019,thunderstorm,2.241995009,3.452796874
Multan,1/23/2024,10.88883831,86.11906894,1013.475783,rain,6.941714847,2.194310308
Multan,1/24/2024,4.678847218,56.54823273,1014.972566,thunderstorm,4.132798362,3.55359139
Multan,1/25/2024,18.19869343,53.45273094,1014.836946,thunderstorm,4.975033513,4.404858119
Multan,1/26/2024,7.565562897,79.52875622,1038.896268,clear sky,3.684282959,3.299596353
Multan,1/27/2024,9.581248076,60.92807327,1009.31988,rain,5.389808522,1.409625537
Multan,1/28/2024,18.79081594,74.95450166,1032.722462,shower rain,5.264509148,1.089916148
Multan,1/29/2024,16.68652304,77.83033352,1028.328434,clear sky,4.60002281,2.639384042
Multan,1/30/2024,7.723652148,62.87643054,1000.2228,clear sky,6.98420143,1.75111963
Multan,1/31/2024,5.222290117,82.6057839,1039.727049,clear sky,3.218554739,5.53095123
Multan,2/1/2024,16.16645421,71.99955928,1030.257575,shower rain,4.943346438,1.87916335
Multan,2/2/2024,10.64194336,84.75997632,1027.297983,shower rain,5.58444574,2.97141357
Multan,2/3/2024,17.02335999,80.5317421,1016.212988,clear sky,2.632242967,4.56038756
Multan,2/4/2024,11.57001113,84.74302528,1022.208124,few clouds,3.200225193,5.0771083
Multan,2/5/2024,9.882041021,50.80645528,1010.130836,rain,6.784170865,3.388565766
Multan,2/6/2024,11.67049194,59.74025043,1001.419336,mist,0.22603712,1.905675048
Multan,2/7/2024,16.72550276,53.60031762,1033.440866,scattered clouds,2.347069578,2.354476118
Multan,2/8/2024,19.33774487,67.68332069,1035.85938,clear sky,3.403490736,3.094842238
Multan,2/9/2024,4.846042342,85.59840486,1006.498825,mist,0.010254951,2.822972947
Multan,2/10/2024,12.9098962,68.70161049,1031.482244,broken clouds,6.293889707,2.743363786
Multan,2/11/2024,4.558202294,83.98852178,1029.646107,mist,2.003710801,1.659269009
Multan,2/12/2024,11.96296227,63.08712952,1007.135,clear sky,1.803933825,5.566551261
Multan,2/13/2024,19.04980809,63.58280291,1016.873152,clear sky,5.742283367,1.148783032
Multan,2/14/2024,10.14703453,85.82246921,1016.910317,thunderstorm,1.9458826,3.200010639
Multan,2/15/2024,19.85165716,67.03268586,1030.39857,scattered clouds,4.603358157,5.901607463
Multan,2/16/2024,14.72034402,81.59061951,1033.506436,clear sky,5.750522007,4.298619694
Multan,2/17/2024,19.88064084,59.46574192,1003.791005,mist,5.547337934,2.777053319
Multan,2/18/2024,16.87183263,87.95203319,1022.518769,few clouds,5.473655162,1.730487922
Multan,2/19/2024,5.758397833,72.98312986,1030.46994,clear sky,0.620462989,5.819363028
Multan,2/20/2024,7.929573249,80.37294274,1031.447624,clear sky,0.558928773,1.069931809
Multan,2/21/2024,10.70089773,53.58062799,1005.919741,clear sky,2.14739025,4.406937853
Multan,2/22/2024,6.891816994,69.70656903,1021.020206,few clouds,0.251635168,5.400687357
Multan,2/23/2024,12.41349728,86.04153991,1034.302348,clear sky,3.503008156,1.125802449
Multan,2/24/2024,12.01325865,85.08154516,1012.740743,thunderstorm,2.763474464,4.62587432
Multan,2/25/2024,20.25640637,51.87255829,1017.004676,clear sky,3.899181388,5.994188806
Multan,2/26/2024,11.37337401,62.14793877,1032.17434,rain,2.091519771,4.198212343
Multan,2/27/2024,17.35565567,67.73280026,1003.572781,scattered clouds,3.400278021,3.073394739
Multan,2/28/2024,20.01247926,56.89059257,1034.379732,scattered clouds,2.343213361,5.372003597
Multan,2/29/2024,18.90881013,79.19993244,1012.446269,mist,1.366456646,3.770896232
Multan,3/1/2024,25.79935536,35.53535987,990.0435095,broken clouds,7.545566768,6.747204234
Multan,3/2/2024,32.40868757,40.39919083,997.0247744,rain,7.71405131,5.938894959
Multan,3/3/2024,28.99801499,49.89841911,992.6850192,clear sky,8.804621849,3.191455462
Multan,3/4/2024,30.19674999,44.46268034,992.7715472,clear sky,9.123262482,4.065724941
Multan,3/5/2024,29.298557,52.15713116,1010.785072,thunderstorm,7.931233331,3.39381787
Multan,3/6/2024,40.00626183,39.22415802,984.2795267,clear sky,11.87498087,5.533438812
Multan,3/7/2024,31.39919827,33.49640063,1018.042271,few clouds,3.396729657,3.077027468
Multan,3/8/2024,33.04496964,51.28703149,1005.493336,scattered clouds,3.76845469,5.105824895
Multan,3/9/2024,43.59628921,24.60688311,989.2019652,clear sky,13.1256271,5.893258159
Multan,3/10/2024,22.37952326,66.5790691,1017.371341,scattered clouds,1.630658831,5.278482602
Multan,3/11/2024,32.22302572,30.98588177,1010.777629,broken clouds,5.488955422,6.750187688
Multan,3/12/2024,38.80341926,22.71814765,989.0452553,clear sky,6.452973537,7.865884974
Multan,3/13/2024,24.47672504,62.79109156,1005.144014,broken clouds,1.36606378,3.445106727
Multan,3/14/2024,35.06522668,26.83971611,997.6034436,shower rain,12.75417235,6.279343203
Multan,3/15/2024,26.50768993,56.98755649,1002.85186,few clouds,4.833017337,5.374757329
Multan,3/16/2024,40.9502946,34.83625819,981.4800915,mist,9.490349663,8.206146379
Multan,3/17/2024,28.5232923,59.16548905,1005.88098,thunderstorm,4.061699611,6.911144301
Multan,3/18/2024,28.56844479,47.97214531,1009.420406,broken clouds,7.745509344,3.408410331
Multan,3/19/2024,34.75845921,37.25141196,998.2674739,rain,8.097888139,6.542323444
Multan,3/20/2024,25.22194689,39.8296509,1014.010212,mist,5.531846225,6.713649384
Multan,3/21/2024,27.55243869,39.5950777,1010.093275,thunderstorm,8.493226523,5.794861005
Multan,3/22/2024,30.58253255,39.79482983,1009.510235,few clouds,4.679346563,4.071595979
Multan,3/23/2024,29.13367085,50.18892519,1002.624749,scattered clouds,7.843327035,5.695922938
Multan,3/24/2024,33.07217601,45.92423784,1018.857459,shower rain,8.10975207,5.513524409
Multan,3/25/2024,34.79172331,41.56272534,998.225675,scattered clouds,9.780601645,5.378550482
Multan,3/26/2024,34.03335144,34.47269306,1007.331165,broken clouds,4.626251656,5.303199577
Multan,3/27/2024,36.04587118,20.44278326,986.1811031,broken clouds,5.9371048,5.554127831
Multan,3/28/2024,28.07823888,36.56504033,1012.344143,clear sky,4.841247956,3.914462424
Multan,3/29/2024,23.90780322,54.29885616,1001.911659,mist,0.860035376,1.486660442
Multan,3/30/2024,38.49857345,35.70890062,980.9178774,clear sky,6.696943085,6.212389138
Multan,3/31/2024,40.5679488,22.24995916,996.2172194,mist,8.341145119,6.317383914
Multan,4/1/2024,26.91114334,51.72684712,1003.028045,rain,5.897935227,4.225379307
Multan,4/2/2024,30.36311499,41.56976069,1000.235402,scattered clouds,9.32606958,4.054645341
Multan,4/3/2024,32.46709199,32.20135169,1008.225806,thunderstorm,4.369310401,6.677110227
Multan,4/4/2024,33.26651738,54.38190148,1011.05698,broken clouds,9.802312831,7.092826998
Multan,4/5/2024,36.16827394,31.5926114,984.0240269,clear sky,13.1015321,6.635546083
Multan,4/6/2024,21.95687437,59.43046051,1007.41725,mist,6.170299729,2.525644458
Multan,4/7/2024,37.5939729,37.89362349,999.163015,clear sky,14.2944399,9.220161749
Multan,4/8/2024,22.42533316,51.81033255,1023.586572,clear sky,5.27268838,4.119619508
Multan,4/9/2024,31.77063706,36.05458825,1001.703494,broken clouds,8.521458821,4.467191624
Multan,4/10/2024,40.03643612,35.04093856,996.0288339,clear sky,9.378182966,8.568061463
Multan,4/11/2024,31.37795221,51.28133791,1005.754769,clear sky,6.573151643,4.722964051
Multan,4/12/2024,24.42906422,61.57086775,1009.666512,broken clouds,6.527397987,3.932778072
Multan,4/13/2024,43.65577844,21.24049751,984.1347061,scattered clouds,8.782559116,9.96317015
Multan,4/14/2024,41.45356563,37.16156144,987.9371853,rain,5.419470731,6.507971876
Multan,4/15/2024,38.74021356,26.27395276,997.1979172,mist,12.62754385,9.652630004
Multan,4/16/2024,30.46476687,35.87140245,991.8434375,few clouds,7.012102582,4.603262071
Multan,4/17/2024,25.22845172,45.48185467,996.55578,shower rain,8.704131736,5.701433522
Multan,4/18/2024,42.65245717,38.20454399,997.8630364,mist,5.755512666,7.299918948
Multan,4/19/2024,33.24407591,31.30639734,993.6520371,broken clouds,7.348623933,6.915797812
Multan,4/20/2024,40.60417559,35.31608176,992.5925144,clear sky,7.47705888,5.305463497
Multan,4/21/2024,28.86818513,47.17419684,996.405341,clear sky,9.322880161,6.13561152
Multan,4/22/2024,28.71163129,42.7634735,1008.176005,clear sky,3.769369578,6.803334722
Multan,4/23/2024,43.66743106,34.88160888,987.6620833,clear sky,13.43069273,7.360724257
Multan,4/24/2024,33.00216012,58.97473273,993.0503069,broken clouds,3.619879764,3.526463033
Multan,4/25/2024,24.23599475,59.16824845,1023.299003,mist,0.175681488,2.224025067
Multan,4/26/2024,26.05251759,34.30942095,1010.491282,mist,4.64541601,6.398361851
Multan,4/27/2024,32.08471843,57.38645236,1010.408179,clear sky,5.331311786,7.477186928
Multan,4/28/2024,21.97683094,76.7581231,1025.481376,mist,4.385701403,3.108043035
Multan,4/29/2024,31.63828166,43.13958065,1005.006743,broken clouds,3.922072182,5.802060175
Multan,4/30/2024,30.63563937,47.19778711,1005.584179,rain,6.061309535,4.141925184
Multan,5/1/2024,38.9247341,34.9122781,992.7128022,scattered clouds,7.042636021,7.06106657
Multan,5/2/2024,29.16366518,53.19095696,1010.707781,few clouds,8.987123251,4.683949039
Multan,5/3/2024,43.59862152,38.39788362,993.0975348,clear sky,5.44966508,8.27762774
Multan,5/4/2024,25.15770814,42.80528367,1007.608367,clear sky,5.491564087,7.923494758
Multan,5/5/2024,34.59269375,38.8023273,994.6751695,shower rain,7.41961856,7.06651726
Multan,5/6/2024,23.06308383,75.58657067,1008.424662,mist,6.391617246,1.960822925
Multan,5/7/2024,37.87887163,28.31455799,985.2044804,few clouds,13.67993423,7.888392967
Multan,5/8/2024,43.87933483,31.89196908,998.3932331,clear sky,13.95192,5.332058575
Multan,5/9/2024,39.84018867,28.39971597,995.1879018,rain,5.628532937,6.234577434
Multan,5/10/2024,33.78118144,34.5898736,1006.586005,rain,8.88646283,3.86108838
Multan,5/11/2024,32.14905122,44.08280255,997.5617079,clear sky,8.45938805,4.677727688
Multan,5/12/2024,40.20568911,33.81835644,982.2178305,clear sky,14.02431649,8.394069845
Multan,5/13/2024,42.52740395,35.98567615,997.9751845,clear sky,8.115762673,7.496966585
Multan,5/14/2024,43.75175009,29.86652554,997.8533203,mist,14.11765106,9.664546299
Multan,5/15/2024,30.12040223,34.95713671,993.3208679,shower rain,5.818487596,4.063744199
Multan,5/16/2024,43.79110192,28.29375419,995.9443333,clear sky,11.34099686,6.821045731
Multan,5/17/2024,24.5863038,81.45175715,1017.865803,clear sky,2.969252938,2.649262884
Multan,5/18/2024,26.83164485,42.38577812,999.719008,mist,5.993539014,4.17981813
Multan,5/19/2024,23.04737087,77.86123174,1029.564181,thunderstorm,3.826459132,5.965853846
Multan,5/20/2024,27.24998588,45.21641045,1008.429886,clear sky,5.491486967,4.936127727
Multan,5/21/2024,38.66256369,24.8244625,995.6006022,clear sky,12.92736994,9.702544902
Multan,5/22/2024,40.61726024,35.92301016,981.4865772,clear sky,11.33638735,6.952367369
Multan,5/23/2024,38.91453084,21.68426908,986.3717404,clear sky,11.89755762,6.020458394
Multan,5/24/2024,35.5145129,30.49780566,986.386337,clear sky,7.310348002,5.596031653
Lahore,5/26/2019,31.3351963,36.26673103,999.8925928,rain,9.787027019,7.277815966
Lahore,5/27/2019,36.00890294,21.34131257,990.0495975,clear sky,11.60176098,5.160488202
Lahore,5/28/2019,28.38000518,45.08801811,998.4904141,shower rain,4.380371052,7.821972942
Lahore,5/29/2019,39.19140044,29.99124312,988.8876722,clear sky,12.50490243,7.090956059
Lahore,5/30/2019,35.25256226,34.13801803,987.3555519,few clouds,6.737141032,6.236871755
Lahore,5/31/2019,35.74731276,34.89501386,994.705921,broken clouds,5.633848963,8.087230661
Lahore,6/1/2019,31.86246384,51.83374466,1008.105024,rain,6.692873773,3.664564959
Lahore,6/2/2019,40.24549562,28.19117466,993.0725886,rain,10.53523954,5.360727868
Lahore,6/3/2019,25.04835361,48.95069362,996.3175168,scattered clouds,4.322759023,7.13891676
Lahore,6/4/2019,28.14754368,47.30835728,999.765065,mist,5.43865261,5.123353873
Lahore,6/5/2019,37.66342167,28.43123512,980.423309,mist,14.45769296,7.591274561
Lahore,6/6/2019,30.82597351,47.91638083,993.2512412,few clouds,4.995022625,3.883480044
Lahore,6/7/2019,40.34113632,38.94495753,985.3010846,mist,6.555680608,5.307121223
Lahore,6/8/2019,27.31358367,35.78681231,991.9639116,clear sky,9.947933711,4.838880663
Lahore,6/9/2019,27.86392405,57.17316287,1008.078972,broken clouds,5.116138755,5.530731262
Lahore,6/10/2019,40.32965895,21.06911028,999.9626023,clear sky,11.80253673,8.827153109
Lahore,6/11/2019,30.14488768,39.25167639,993.0244564,clear sky,4.62092127,5.505260001
Lahore,6/12/2019,31.38699002,38.64435746,1014.636906,mist,6.850848379,6.912535088
Lahore,6/13/2019,26.98632917,48.79095324,993.5644874,scattered clouds,5.703973906,3.577163898
Lahore,6/14/2019,25.64007861,33.93674855,1010.097421,shower rain,9.731054828,3.31981386
Lahore,6/15/2019,34.74276906,56.47042836,1009.294728,clear sky,6.029641122,3.794304821
Lahore,6/16/2019,21.87617588,83.14205634,1036.108677,scattered clouds,4.089219289,4.860060634
Lahore,6/17/2019,40.10254339,33.04131639,982.2789123,broken clouds,14.44766266,8.796651154
Lahore,6/18/2019,37.70087528,29.16827664,986.3088893,broken clouds,14.892343,5.706839023
Lahore,6/19/2019,23.57795833,87.31824169,1003.63119,thunderstorm,0.711608548,1.154943291
Lahore,6/20/2019,35.6564787,36.61493109,988.1476665,broken clouds,13.34320712,8.426409681
Lahore,6/21/2019,33.46319011,44.97945444,1017.347795,clear sky,5.674815459,7.276408916
Lahore,6/22/2019,23.42884122,78.07493418,1031.260926,broken clouds,4.163800943,4.770538478
Lahore,6/23/2019,25.55688415,47.00789857,1011.687003,mist,5.625336553,4.013994903
Lahore,6/24/2019,28.81567609,47.63826715,1005.990825,rain,5.80781344,5.918839486
Lahore,6/25/2019,35.78182565,26.61952139,997.6697148,broken clouds,6.58857536,8.786828603
Lahore,6/26/2019,34.32936181,43.86253814,1003.483254,rain,7.009365209,4.279143523
Lahore,6/27/2019,31.77363634,32.34364292,994.49057,few clouds,6.827011622,5.638604007
Lahore,6/28/2019,37.44185303,27.14697383,996.7517045,mist,6.893557885,6.57230202
Lahore,6/29/2019,37.19050575,33.91657031,985.5927666,broken clouds,10.41730429,6.127877087
Lahore,6/30/2019,33.8286197,58.59648092,991.6090062,clear sky,9.811713178,7.847946634
Lahore,7/1/2019,37.887762,39.26128226,982.5207606,broken clouds,12.14408596,9.562909802
Lahore,7/2/2019,27.02232099,46.67168607,1008.271767,thunderstorm,6.366877917,5.228338655
Lahore,7/3/2019,40.14998868,32.13244504,992.1416393,clear sky,14.16083986,5.683890305
Lahore,7/4/2019,33.75784206,35.57163557,997.8054951,shower rain,7.027200496,6.639536517
Lahore,7/5/2019,38.73672433,33.90616216,994.543603,clear sky,6.350479987,6.278505651
Lahore,7/6/2019,32.11069851,32.11976378,1013.209205,clear sky,6.832567535,3.842589029
Lahore,7/7/2019,24.24251788,61.38742743,1036.820105,few clouds,1.266811808,2.907645089
Lahore,7/8/2019,32.01784309,50.05090042,1007.548125,clear sky,8.372533871,5.649249046
Lahore,7/9/2019,27.90667993,39.30930395,1013.382701,broken clouds,9.7702195,3.487201649
Lahore,7/10/2019,35.73997686,20.99693748,995.0619936,mist,8.608185845,7.858732365
Lahore,7/11/2019,30.419051,54.95611228,997.7342715,mist,6.044425161,3.076741874
Lahore,7/12/2019,39.06670732,26.20660014,986.2045186,mist,9.214964668,9.459345303
Lahore,7/13/2019,35.2737403,21.2621045,989.5696479,thunderstorm,7.852999758,9.603708446
Lahore,7/14/2019,35.42906639,21.49576329,980.3807794,shower rain,12.94179965,8.665353868
Lahore,7/15/2019,24.211728,60.07035195,1011.895911,shower rain,4.324098329,3.332747043
Lahore,7/16/2019,42.6219944,23.56031894,989.4776575,mist,5.640515569,6.274481353
Lahore,7/17/2019,39.20020502,35.48600236,982.1613859,clear sky,13.38806335,8.720560454
Lahore,7/18/2019,37.93611723,26.43368093,982.5255178,few clouds,6.870882312,9.65898601
Lahore,7/19/2019,26.9251654,54.14087355,1003.897102,clear sky,9.854058132,3.792668524
Lahore,7/20/2019,31.85515967,35.21537993,1011.928951,few clouds,5.636641973,5.329109946
Lahore,7/21/2019,22.29047651,69.71516718,1033.349957,thunderstorm,4.31514753,2.57630818
Lahore,7/22/2019,31.92342344,50.64111401,1006.389417,broken clouds,3.544765332,4.783708945
Lahore,7/23/2019,22.50134192,76.07963415,1018.98996,clear sky,2.412642923,3.028788907
Lahore,7/24/2019,32.27290826,48.0338823,1001.528417,few clouds,8.616477702,7.758981722
Lahore,7/25/2019,34.56932512,57.74464806,995.7884698,rain,6.340459444,4.293185839
Lahore,7/26/2019,28.36470321,36.85575443,994.3968601,scattered clouds,9.332224385,5.463379195
Lahore,7/27/2019,30.96507708,44.81157613,1013.756894,mist,7.025969087,7.757437358
Lahore,7/28/2019,40.0156813,37.679851,989.3001326,clear sky,14.28572195,7.380284451
Lahore,7/29/2019,21.60551547,53.11575062,1031.61281,thunderstorm,6.878269349,5.31799761
Lahore,7/30/2019,38.00158943,21.11776537,994.0816607,clear sky,9.538945595,5.293823872
Lahore,7/31/2019,23.09810922,59.3320915,1007.755837,shower rain,3.956096008,5.765152092
Lahore,8/1/2019,19.88099159,75.32084878,1020.412291,mist,5.844444503,1.937655735
Lahore,8/2/2019,23.45379047,60.39518506,1017.760665,clear sky,1.550731039,5.899675174
Lahore,8/3/2019,37.36103656,23.80479768,988.4774701,broken clouds,13.61629574,5.877884326
Lahore,8/4/2019,28.72302576,43.76406946,1006.277131,broken clouds,7.143440983,5.221829739
Lahore,8/5/2019,39.9404924,32.27196138,999.641638,clear sky,12.25500135,6.543072458
Lahore,8/6/2019,31.59298099,37.45673121,1014.387018,clear sky,3.558978159,5.166157105
Lahore,8/7/2019,19.53400845,62.02764747,1036.148497,thunderstorm,5.363313784,2.2526237
Lahore,8/8/2019,36.20112663,32.2711861,980.5927917,mist,8.107869046,9.826587062
Lahore,8/9/2019,21.64558981,87.82953688,1005.613455,shower rain,5.636625938,2.52862492
Lahore,8/10/2019,37.9451112,33.49483455,981.6952732,rain,10.09152538,8.26637456
Lahore,8/11/2019,23.0344612,81.31616574,1010.52924,mist,1.922300344,1.687237448
Lahore,8/12/2019,27.29071326,41.00430284,1003.256775,shower rain,9.669317879,7.121937424
Lahore,8/13/2019,37.27051431,25.44508719,992.841065,clear sky,12.65062398,7.712539718
Lahore,8/14/2019,41.90155258,29.08535486,990.0166253,clear sky,14.85686074,9.897230623
Lahore,8/15/2019,27.91441482,54.21398486,1017.095517,scattered clouds,5.551289289,5.117011084
Lahore,8/16/2019,38.90560528,29.12599284,998.7971192,rain,11.49219634,5.977239375
Lahore,8/17/2019,23.57901437,83.86901635,1006.540838,broken clouds,4.281120745,2.730094997
Lahore,8/18/2019,38.37231448,39.77543961,997.0582584,clear sky,11.87556741,8.68482803
Lahore,8/19/2019,34.77985742,32.16079997,1004.451666,shower rain,3.268215962,6.295532605
Lahore,8/20/2019,23.62584417,51.81640624,1018.133179,shower rain,2.042035267,4.891737038
Lahore,8/21/2019,26.26009505,34.48769109,1013.54818,rain,9.365363017,3.367351461
Lahore,8/22/2019,22.16250133,65.37478703,1003.72562,broken clouds,2.966740384,3.901843877
Lahore,8/23/2019,28.19120827,33.93126627,1016.474794,clear sky,9.724505754,7.660843385
Lahore,8/24/2019,23.88756739,84.8265791,1026.834534,clear sky,1.494522209,1.539509597
Lahore,8/25/2019,34.45595089,30.69438753,1016.257848,clear sky,9.981967814,3.471676295
Lahore,8/26/2019,42.8681225,26.31585433,999.8895516,clear sky,11.97580909,8.583021823
Lahore,8/27/2019,19.28821991,57.38778518,1020.720178,broken clouds,5.434753968,2.575912279
Lahore,8/28/2019,31.98207552,57.9461799,992.7978659,thunderstorm,5.778028205,6.292896052
Lahore,8/29/2019,32.76799834,50.08443015,994.9957159,shower rain,9.349056849,5.726922565
Lahore,8/30/2019,40.94101095,38.24060513,986.4723649,clear sky,10.45462901,9.930333292
Lahore,8/31/2019,31.14412803,59.16986131,993.1065883,broken clouds,7.766568662,7.445282085
Lahore,9/1/2019,32.04883407,44.91294731,1014.460255,thunderstorm,3.663657899,6.390363908
Lahore,9/2/2019,30.31966723,37.02957324,998.9060355,clear sky,7.421764906,4.308373131
Lahore,9/3/2019,25.45370331,35.81186359,1019.276586,clear sky,9.153552918,4.309540811
Lahore,9/4/2019,20.3446992,58.91675447,1028.103657,shower rain,1.247982598,5.411219003
Lahore,9/5/2019,28.80778437,51.25779923,995.2029111,scattered clouds,8.164081542,5.926705326
Lahore,9/6/2019,20.26219531,51.61782912,1019.041706,broken clouds,0.177805313,4.94640891
Lahore,9/7/2019,32.21181927,31.54083219,1004.006527,clear sky,9.483421116,5.249321033
Lahore,9/8/2019,26.37504744,48.24428827,1004.77535,thunderstorm,9.880419812,3.515368183
Lahore,9/9/2019,31.80645764,49.2617144,1006.070735,shower rain,5.479260468,4.663432291
Lahore,9/10/2019,22.22312715,76.61051697,1001.246923,clear sky,0.749516948,1.805745971
Lahore,9/11/2019,41.38311918,27.43761009,993.7260225,mist,11.58576368,8.909164082
Lahore,9/12/2019,40.46850985,36.11889777,989.7438355,clear sky,5.298345141,8.502559948
Lahore,9/13/2019,23.55991622,71.34498351,1031.638616,thunderstorm,3.377403969,1.442064612
Lahore,9/14/2019,27.2426628,33.1639689,1014.460487,shower rain,4.902454226,6.106926994
Lahore,9/15/2019,33.72382652,53.91297921,996.9160537,broken clouds,6.313373378,7.370677535
Lahore,9/16/2019,21.29646898,88.12271145,1001.936918,shower rain,0.127928603,4.486821477
Lahore,9/17/2019,27.50962771,31.80108939,1011.097016,few clouds,3.361285281,5.555559565
Lahore,9/18/2019,25.02669488,41.74054016,1019.332884,clear sky,3.111830802,4.559316425
Lahore,9/19/2019,40.97240149,29.7503209,988.9331597,clear sky,11.1913187,9.435483748
Lahore,9/20/2019,39.46025527,22.9294152,985.1922562,broken clouds,10.60092918,7.114024411
Lahore,9/21/2019,32.91598579,56.03126843,994.7001568,clear sky,4.63210599,7.276967901
Lahore,9/22/2019,31.48831208,38.52448935,998.6233679,mist,7.526501902,6.914999191
Lahore,9/23/2019,41.33741907,35.6601708,986.558391,broken clouds,13.84207257,9.081134826
Lahore,9/24/2019,41.37826679,33.41988964,988.4774949,clear sky,7.77322101,9.948987601
Lahore,9/25/2019,42.26392301,31.96091645,993.1081425,rain,13.31993808,8.743792579
Lahore,9/26/2019,22.00909322,57.68571395,1010.926522,scattered clouds,4.637563952,1.170204679
Lahore,9/27/2019,22.85338746,58.82814082,1002.039071,clear sky,0.236743102,2.027169675
Lahore,9/28/2019,35.24168077,20.94696809,987.4655722,clear sky,8.751498958,5.175975752
Lahore,9/29/2019,31.99442744,37.22137289,1015.668888,mist,6.554300511,3.94956785
Lahore,9/30/2019,19.44318172,63.81774438,1019.93406,rain,5.12189433,1.307197553
Lahore,10/1/2019,20.48740086,83.32581215,1038.59135,few clouds,2.009913908,3.508085206
Lahore,10/2/2019,40.31392917,27.32785333,990.0724306,clear sky,14.82730105,5.141031066
Lahore,10/3/2019,39.85289909,35.09243566,985.5179763,clear sky,11.84539741,7.362895498
Lahore,10/4/2019,27.57450213,43.18326844,995.7994199,broken clouds,5.60969574,7.494204536
Lahore,10/5/2019,40.38521481,35.69736624,993.8904899,scattered clouds,5.970250391,8.742880063
Lahore,10/6/2019,33.24820179,59.28814801,1006.091439,scattered clouds,4.269574322,7.719779618
Lahore,10/7/2019,38.34173553,24.79683116,992.0799786,broken clouds,9.876077601,6.133233869
Lahore,10/8/2019,29.25834571,55.87024836,1012.653804,mist,6.462867485,5.655429082
Lahore,10/9/2019,21.72155986,74.87296345,1029.036139,clear sky,5.374031354,2.592897266
Lahore,10/10/2019,29.4094495,54.51882785,991.300899,thunderstorm,8.083236379,5.469098978
Lahore,10/11/2019,29.97519515,49.54757707,1014.077157,clear sky,4.40891127,5.785379148
Lahore,10/12/2019,32.22266065,42.71848522,1005.981099,scattered clouds,7.164696344,3.180930652
Lahore,10/13/2019,21.53398511,59.12299758,1015.668341,rain,0.144352605,2.166280676
Lahore,10/14/2019,42.79364471,21.40070451,990.7503885,scattered clouds,8.985473994,8.523863896
Lahore,10/15/2019,24.8592837,71.42073458,1024.498058,shower rain,5.348736684,4.864640123
Lahore,10/16/2019,23.76525768,89.61304378,1005.980252,few clouds,2.796560153,3.847256837
Lahore,10/17/2019,31.64327005,52.14125415,1002.522462,clear sky,8.849173679,4.35414514
Lahore,10/18/2019,31.89299631,39.82036624,1000.067586,broken clouds,9.833087031,5.025420584
Lahore,10/19/2019,29.55569771,54.816144,1000.512268,thunderstorm,7.250488219,3.480184059
Lahore,10/20/2019,37.52541151,35.37968,981.8266988,clear sky,6.450040763,9.765898084
Lahore,10/21/2019,31.39970562,38.4490738,994.7953046,scattered clouds,5.657740455,7.343387356
Lahore,10/22/2019,33.63269092,30.42922469,994.854962,thunderstorm,3.066383485,3.328011735
Lahore,10/23/2019,36.36991325,22.36325277,987.4644949,clear sky,11.02725924,5.832453328
Lahore,10/24/2019,19.60060244,85.09224761,1035.779662,scattered clouds,5.750979507,3.905472206
Lahore,10/25/2019,32.69546038,55.09689106,996.1808212,broken clouds,7.409580552,4.162150371
Lahore,10/26/2019,40.22066731,25.90418002,988.3238502,clear sky,12.86086229,9.67200349
Lahore,10/27/2019,19.41732983,61.40781705,1012.464377,thunderstorm,5.599327491,4.777952904
Lahore,10/28/2019,28.72437049,53.78594961,1013.621499,scattered clouds,8.957088034,4.366457565
Lahore,10/29/2019,41.2294588,38.7547494,981.0025286,mist,7.66663783,5.030507056
Lahore,10/30/2019,27.47570565,53.3741177,995.8963019,rain,9.09887966,6.997236956
Lahore,10/31/2019,30.00949178,48.16736031,996.3192463,mist,7.578657989,5.120448548
Lahore,11/1/2019,42.55699343,24.85342701,999.859256,clear sky,7.897255566,8.211888559
Lahore,11/2/2019,23.78377261,71.02991656,1022.831001,clear sky,6.911063005,2.434874127
Lahore,11/3/2019,20.56612454,59.34047434,1005.558331,broken clouds,6.651276756,1.714366297
Lahore,11/4/2019,39.62614218,36.1602284,985.4439828,clear sky,10.74440983,8.376557959
Lahore,11/5/2019,39.84316819,27.73922159,983.3564419,clear sky,13.43208378,7.251622941
Lahore,11/6/2019,30.32986803,55.01091651,993.7381371,thunderstorm,4.830461421,4.175848505
Lahore,11/7/2019,31.34097219,41.44827654,1013.915461,shower rain,5.912258976,3.688139998
Lahore,11/8/2019,39.05935287,36.4829881,989.9150526,broken clouds,6.839717607,7.902397972
Lahore,11/9/2019,36.72542795,26.6663563,992.6242027,scattered clouds,10.20102643,8.627749701
Lahore,11/10/2019,25.36357605,43.20398114,999.9375374,broken clouds,6.472010011,4.419434811
Lahore,11/11/2019,19.40544052,74.61953677,1022.147803,scattered clouds,1.489692582,4.675712677
Lahore,11/12/2019,30.5128039,32.10862842,997.727071,thunderstorm,7.709611856,3.915610994
Lahore,11/13/2019,39.61389583,38.96414124,986.1607255,clear sky,6.177902955,6.692078455
Lahore,11/14/2019,40.50003224,31.47211572,993.0447589,mist,5.616914511,8.724411434
Lahore,11/15/2019,41.94942873,30.15640029,983.0070025,clear sky,8.849049687,8.300717598
Lahore,11/16/2019,40.1095177,36.78787942,992.3444372,clear sky,9.098247778,6.352618135
Lahore,11/17/2019,32.92104533,55.9728819,1015.567044,shower rain,5.238184246,3.610675008
Lahore,11/18/2019,29.67053438,45.66781214,993.6126968,scattered clouds,4.805626463,3.212367125
Lahore,11/19/2019,37.59639632,38.54524652,997.9492256,broken clouds,8.38776345,9.1895759
Lahore,11/20/2019,36.75571922,21.29475532,981.5889136,clear sky,6.63375574,5.375709748
Lahore,11/21/2019,31.91544232,33.39677377,1000.467277,mist,5.824167284,3.574225761
Lahore,11/22/2019,21.09585694,73.8715292,1024.420373,thunderstorm,6.332223615,2.188553151
Lahore,11/23/2019,41.22595232,27.08131724,991.1882952,clear sky,7.244268812,7.228348521
Lahore,11/24/2019,29.9344609,43.92675499,992.8917322,thunderstorm,7.79115773,6.948935401
Lahore,11/25/2019,27.72001077,39.84237654,1013.967395,thunderstorm,3.992491573,4.23740163
Lahore,11/26/2019,34.10961748,42.14175934,1019.194599,shower rain,5.477346368,5.717541242
Lahore,11/27/2019,35.17211107,36.45292694,983.6245658,shower rain,8.211747805,5.45186261
Lahore,11/28/2019,24.05651001,73.73904799,1035.805239,thunderstorm,6.559205761,3.322555026
Lahore,11/29/2019,39.08653228,39.94689099,991.1361888,scattered clouds,9.279820558,5.888194967
Lahore,11/30/2019,25.95849025,53.60637593,1018.078013,shower rain,7.833261606,4.055957794
Lahore,12/1/2019,6.360310666,60.94665016,1007.043438,mist,4.217239663,2.834142171
Lahore,12/2/2019,10.31519735,60.57380471,1031.680856,broken clouds,0.987210527,4.806738494
Lahore,12/3/2019,16.15008146,63.4359308,1002.391263,few clouds,6.576783157,4.71993215
Lahore,12/4/2019,20.37824721,83.73037923,1035.327858,few clouds,2.421085043,3.074864882
Lahore,12/5/2019,17.56706276,51.09150603,1026.966377,thunderstorm,0.31330849,1.593355771
Lahore,12/6/2019,19.9262708,59.20725115,1014.810191,mist,2.103105948,2.4034581
Lahore,12/7/2019,5.530904473,86.19673681,1007.618673,rain,2.349436081,3.526778883
Lahore,12/8/2019,4.28118238,75.59585744,1032.661324,thunderstorm,0.649217292,5.347058893
Lahore,12/9/2019,13.03868571,59.07388382,1024.129653,shower rain,4.339841845,5.841273074
Lahore,12/10/2019,8.225354695,58.76579873,1014.416634,scattered clouds,2.427349439,4.187354675
Lahore,12/11/2019,17.90498951,84.50472407,1017.753433,shower rain,4.403942244,2.753432452
Lahore,12/12/2019,15.09578169,85.75030033,1033.061706,shower rain,0.047183945,4.467267268
Lahore,12/13/2019,20.47310695,60.24524364,1013.557088,few clouds,6.874338793,2.681150679
Lahore,12/14/2019,7.586262403,66.82041432,1003.585307,mist,1.19361451,4.127367267
Lahore,12/15/2019,11.74411406,83.38382955,1036.451287,thunderstorm,4.615316907,2.218832858
Lahore,12/16/2019,12.02232859,80.84029754,1015.49375,scattered clouds,5.010490123,2.334943506
Lahore,12/17/2019,7.305182307,82.55664426,1013.9355,clear sky,1.201258448,1.376127945
Lahore,12/18/2019,13.62168119,70.73592763,1008.175985,broken clouds,0.781985975,3.100705761
Lahore,12/19/2019,10.97914775,86.46196193,1035.896903,few clouds,1.068040343,4.0908726
Lahore,12/20/2019,11.04098801,63.03806176,1008.700213,broken clouds,1.727727791,4.943974719
Lahore,12/21/2019,9.529259664,56.26688537,1025.466915,clear sky,1.177624826,5.051742724
Lahore,12/22/2019,3.304728344,78.3492933,1035.2306,rain,4.717995989,5.962222248
Lahore,12/23/2019,12.39771426,71.57417664,1001.396545,shower rain,2.945832426,1.438778629
Lahore,12/24/2019,9.034461043,84.18343075,1033.151668,broken clouds,3.764541162,3.465683842
Lahore,12/25/2019,3.023757642,53.24636996,1016.423977,scattered clouds,0.331357522,3.606872877
Lahore,12/26/2019,8.542986738,83.74769614,1026.318983,thunderstorm,6.028742742,5.022667132
Lahore,12/27/2019,8.015309996,61.73178613,1014.896183,scattered clouds,1.194000872,2.331792578
Lahore,12/28/2019,10.08206676,76.19422669,1027.82065,scattered clouds,2.52106632,1.3468616
Lahore,12/29/2019,5.373335814,51.60515156,1010.171797,clear sky,0.503311479,2.568794051
Lahore,12/30/2019,12.13830884,74.38325185,1000.877222,mist,0.957551943,5.919639145
Lahore,12/31/2019,15.46392635,78.69086757,1037.911501,broken clouds,4.66059587,5.497205989
Lahore,1/1/2020,14.34334024,64.75000858,1000.654711,rain,4.848109016,2.976234805
Lahore,1/2/2020,17.46758906,58.61642821,1032.963972,few clouds,4.738758392,5.381359994
Lahore,1/3/2020,11.13614918,71.50522706,1006.765504,shower rain,3.864957515,1.163772421
Lahore,1/4/2020,12.34365115,83.32763218,1015.688809,rain,6.667651648,2.571020387
Lahore,1/5/2020,17.58723494,62.94189433,1032.899695,clear sky,3.550240125,4.63405924
Lahore,1/6/2020,10.69862107,60.0987719,1008.237286,mist,3.145884205,2.107261255
Lahore,1/7/2020,15.6287883,61.15741235,1034.628304,broken clouds,1.73281896,1.991954757
Lahore,1/8/2020,10.82284264,87.96528612,1019.910358,mist,0.691946705,5.30903773
Lahore,1/9/2020,10.5192515,64.37107663,1014.646139,few clouds,3.83708451,4.079769805
Lahore,1/10/2020,16.68370124,50.1441696,1026.49751,clear sky,2.204231307,5.945113592
Lahore,1/11/2020,6.147064478,81.26724832,1013.655589,few clouds,3.668177682,1.673348381
Lahore,1/12/2020,9.094547495,77.97099181,1013.891534,shower rain,1.442833548,2.780642036
Lahore,1/13/2020,7.035100981,55.14273058,1029.341056,thunderstorm,5.867208705,2.556066859
Lahore,1/14/2020,9.463978973,89.39616997,1012.393289,rain,6.997880468,5.400661189
Lahore,1/15/2020,7.146746803,74.32249141,1008.030906,few clouds,2.256824571,2.2764826
Lahore,1/16/2020,13.42930136,70.03117964,1032.305845,clear sky,5.896293251,2.767304988
Lahore,1/17/2020,17.36707445,65.2887707,1032.214841,broken clouds,6.110902955,1.714169378
Lahore,1/18/2020,17.1590351,85.94691022,1019.903428,rain,6.972516521,4.877004913
Lahore,1/19/2020,9.561017362,59.75853926,1021.066225,mist,2.399040908,2.18851642
Lahore,1/20/2020,20.79768731,61.43075601,1027.843065,mist,5.292289756,1.341601361
Lahore,1/21/2020,13.68937856,54.89643227,1020.370972,shower rain,1.601663025,3.175543663
Lahore,1/22/2020,10.18920543,80.36476382,1016.681598,broken clouds,4.373572009,2.95729062
Lahore,1/23/2020,18.03970703,73.82197122,1039.795768,rain,4.933897986,1.888046022
Lahore,1/24/2020,16.13773223,74.36264677,1005.905617,clear sky,5.187844848,1.667987799
Lahore,1/25/2020,16.48695606,58.73881724,1023.709119,thunderstorm,1.45020518,5.482786067
Lahore,1/26/2020,6.530508295,76.04673557,1035.434521,thunderstorm,5.941078993,1.339222433
Lahore,1/27/2020,11.42983753,80.61833789,1027.488602,broken clouds,2.946803023,1.496554783
Lahore,1/28/2020,18.51290635,64.31554123,1035.236932,scattered clouds,1.514586624,2.225236406
Lahore,1/29/2020,12.07268414,82.05388576,1013.453389,clear sky,3.797717619,5.764195948
Lahore,1/30/2020,15.30214938,63.95162354,1010.879719,few clouds,6.043499907,1.426921248
Lahore,1/31/2020,13.58280719,80.32553846,1034.050895,clear sky,6.769615368,5.080074134
Lahore,2/1/2020,18.16242218,51.3492043,1015.764583,clear sky,5.237454752,5.460260767
Lahore,2/2/2020,8.122095116,72.04658406,1028.387293,clear sky,0.039360204,2.889338707
Lahore,2/3/2020,13.358555,88.78106243,1005.909943,rain,0.942905323,2.469471999
Lahore,2/4/2020,5.218224024,89.24978403,1030.233525,few clouds,0.533917905,4.386888641
Lahore,2/5/2020,15.42379398,61.27010313,1021.959306,clear sky,0.708496201,4.513173003
Lahore,2/6/2020,16.17542109,67.65596364,1010.744466,broken clouds,2.681244692,4.899885814
Lahore,2/7/2020,3.771071781,52.51911632,1019.780159,thunderstorm,2.369453204,5.152833907
Lahore,2/8/2020,15.16423735,84.9336523,1027.877745,broken clouds,0.795794869,2.34197728
Lahore,2/9/2020,10.46442277,72.74288613,1000.475456,mist,6.175647461,4.434808009
Lahore,2/10/2020,5.23374377,65.40402716,1025.498682,clear sky,4.307993034,1.674528621
Lahore,2/11/2020,10.55833586,54.51082234,1021.663631,few clouds,5.575243163,3.553656658
Lahore,2/12/2020,6.496192735,87.87069142,1008.811447,rain,2.600845722,4.064434583
Lahore,2/13/2020,10.48007158,71.20876191,1030.119243,scattered clouds,2.871652114,1.808659683
Lahore,2/14/2020,9.918102503,61.31711716,1012.138439,clear sky,2.223348474,1.382532699
Lahore,2/15/2020,16.29104946,64.00860521,1011.074437,shower rain,3.068986285,1.973731431
Lahore,2/16/2020,16.93588005,60.82788724,1018.848734,shower rain,4.272640836,3.102943739
Lahore,2/17/2020,13.92651578,74.07239235,1027.045987,shower rain,3.450888055,5.439204889
Lahore,2/18/2020,3.408363159,87.19854303,1037.153839,shower rain,5.865419043,3.659572123
Lahore,2/19/2020,19.75840102,84.26775213,1005.65429,thunderstorm,6.30097418,4.742464459
Lahore,2/20/2020,15.35219904,68.41523502,1015.858725,mist,3.287786974,1.870722641
Lahore,2/21/2020,3.615518099,83.05997449,1002.679584,broken clouds,1.678235862,1.52989099
Lahore,2/22/2020,17.73899219,66.92421925,1030.34203,rain,6.616346936,2.198086788
Lahore,2/23/2020,6.604790785,60.09228563,1017.909316,broken clouds,5.145270501,2.569402064
Lahore,2/24/2020,13.42598141,89.33660461,1028.277165,few clouds,4.480889602,3.740510094
Lahore,2/25/2020,11.39941866,62.15550272,1012.887777,shower rain,5.217896135,5.406216602
Lahore,2/26/2020,10.55709808,62.94896924,1033.77269,few clouds,0.531872477,3.130463084
Lahore,2/27/2020,19.01484696,89.58771471,1021.393123,clear sky,0.473384293,3.593990939
Lahore,2/28/2020,10.87250325,55.35709973,1037.744313,mist,1.071844568,1.02306768
Lahore,2/29/2020,4.356194116,80.42135952,1003.152586,few clouds,1.032156772,1.166560314
Lahore,3/1/2020,41.71932945,38.71625517,990.2855365,scattered clouds,9.206704748,5.418846
Lahore,3/2/2020,41.09284555,30.23589989,995.3291049,few clouds,6.574040823,8.494970427
Lahore,3/3/2020,35.42638455,20.05043523,992.003053,clear sky,13.54525644,7.430956844
Lahore,3/4/2020,30.22942068,41.25176832,990.6958242,shower rain,7.046678516,3.964805993
Lahore,3/5/2020,21.22862735,54.4627597,1038.893547,rain,2.577833274,3.962997193
Lahore,3/6/2020,37.97795485,28.32375322,985.9652739,broken clouds,5.696225382,7.723060759
Lahore,3/7/2020,20.81146995,81.60107047,1009.971115,clear sky,4.137194572,1.443996509
Lahore,3/8/2020,20.64642364,67.54846196,1019.426395,clear sky,0.815729744,4.202063864
Lahore,3/9/2020,31.89721222,42.95775364,1006.264743,thunderstorm,8.202541753,6.835774363
Lahore,3/10/2020,22.84307776,72.27157908,1030.651526,shower rain,5.619306677,2.432772039
Lahore,3/11/2020,19.18552642,73.26762339,1015.730946,clear sky,3.807833806,4.43744431
Lahore,3/12/2020,29.15472234,55.68888926,1003.198811,mist,4.047220014,3.998597585
Lahore,3/13/2020,22.29321356,62.33421757,1021.398397,scattered clouds,5.508039066,4.783644069
Lahore,3/14/2020,22.85236997,82.86685057,1015.775484,clear sky,2.154794525,5.558870846
Lahore,3/15/2020,20.84585533,72.63734995,1036.581923,rain,1.558571999,3.209335619
Lahore,3/16/2020,23.92225009,62.02118199,1034.050079,scattered clouds,3.293896487,2.223110391
Lahore,3/17/2020,36.17162031,25.90252088,989.0994739,few clouds,14.22646241,6.995883511
Lahore,3/18/2020,38.41425537,27.22275034,980.0038972,rain,7.973732921,6.250387363
Lahore,3/19/2020,29.86080746,48.68079728,1017.028035,mist,9.339049507,3.006196879
Lahore,3/20/2020,31.15729158,36.92435194,993.7300972,thunderstorm,3.375573161,6.252283059
Lahore,3/21/2020,19.78372083,86.81334247,1009.780497,broken clouds,0.584665935,1.21263321
Lahore,3/22/2020,20.66359027,72.99650337,1006.094451,scattered clouds,4.889927176,2.051953701
Lahore,3/23/2020,25.18162542,57.60047331,995.3944671,clear sky,4.33414863,6.612247781
Lahore,3/24/2020,32.0535621,31.39213076,1014.086326,broken clouds,5.216344782,6.32862507
Lahore,3/25/2020,36.74922757,26.85222741,991.5900288,mist,6.36372981,5.36664456
Lahore,3/26/2020,33.52007347,30.68422982,1018.682855,broken clouds,5.325737884,6.300273705
Lahore,3/27/2020,28.41106852,38.16755445,996.9436054,few clouds,4.963219957,7.652874448
Lahore,3/28/2020,21.83977775,84.48025889,1019.425396,shower rain,5.154363473,1.372512345
Lahore,3/29/2020,37.73855764,20.73219432,999.5485674,clear sky,12.02023388,7.078441138
Lahore,3/30/2020,27.73086524,43.084413,1014.793305,shower rain,9.684490235,6.647169451
Lahore,3/31/2020,36.66529635,22.35134141,994.5723136,clear sky,12.24421685,8.338615016
Lahore,4/1/2020,31.31149221,42.50521978,995.669256,few clouds,7.863724271,4.132552712
Lahore,4/2/2020,36.72788929,36.77703169,995.388108,clear sky,11.94203889,5.815336387
Lahore,4/3/2020,40.77494947,32.46142067,986.9513025,few clouds,13.82967456,8.92123502
Lahore,4/4/2020,41.10470839,34.73512691,990.6107379,clear sky,7.962367329,9.781223276
Lahore,4/5/2020,31.84256272,40.47312346,1008.274836,rain,5.100644764,6.837917338
Lahore,4/6/2020,31.27620075,58.33193085,1008.280911,clear sky,8.188496668,7.816022411
Lahore,4/7/2020,25.37628317,51.27786281,1011.795704,clear sky,4.60093596,6.024977121
Lahore,4/8/2020,41.45919596,28.43597639,993.2340419,scattered clouds,14.12020004,9.645494303
Lahore,4/9/2020,29.99006001,42.79394401,992.0511264,rain,6.743472076,6.452178473
Lahore,4/10/2020,22.06218974,86.74736712,1018.293881,shower rain,2.100874497,5.544423751
Lahore,4/11/2020,29.38491795,47.2921408,1009.920648,shower rain,8.432699508,3.80794484
Lahore,4/12/2020,22.04927801,78.2551684,1011.839719,mist,2.186244409,5.077826079
Lahore,4/13/2020,31.06076042,42.51105674,999.3917006,few clouds,9.74294822,3.983729005
Lahore,4/14/2020,32.47061236,36.71078294,993.7370264,shower rain,9.880924468,3.13714551
Lahore,4/15/2020,27.10613828,51.70677876,1002.55845,thunderstorm,7.667573694,5.58793067
Lahore,4/16/2020,20.71961474,74.31295089,1039.473217,mist,0.795437228,2.591258903
Lahore,4/17/2020,41.64408486,30.02685761,985.7063872,clear sky,7.632088499,5.217656809
Lahore,4/18/2020,37.56047472,32.4804188,990.6287379,clear sky,10.15416962,9.901521894
Lahore,4/19/2020,39.13314593,24.16571172,994.8647451,broken clouds,13.5144745,8.332330477
Lahore,4/20/2020,27.80484146,53.8181612,990.4049181,mist,4.294205479,7.509060866
Lahore,4/21/2020,37.25994472,38.9632561,998.0087912,broken clouds,6.04403459,9.995412929
Lahore,4/22/2020,30.64894948,56.73309433,1001.596506,clear sky,3.521342382,4.959833683
Lahore,4/23/2020,23.82600372,62.85742981,1034.764639,mist,3.548772937,2.273685144
Lahore,4/24/2020,21.98616105,66.24023093,1001.557906,scattered clouds,6.192906787,1.919421963
Lahore,4/25/2020,27.28122086,54.25206899,994.3699066,thunderstorm,3.296514699,5.575935539
Lahore,4/26/2020,22.30125068,73.80468523,1012.901178,clear sky,1.486250738,4.030403888
Lahore,4/27/2020,42.95845543,30.95828887,986.9092355,rain,11.93257016,7.36211368
Lahore,4/28/2020,20.18053577,87.0656787,1033.911769,scattered clouds,5.781044046,2.936260074
Lahore,4/29/2020,29.58744638,46.08074883,990.3360335,broken clouds,8.651796705,3.841362817
Lahore,4/30/2020,29.85024454,45.44816039,1009.233353,scattered clouds,8.495476401,5.209298119
Lahore,5/1/2020,26.21516629,31.26055774,993.9393731,thunderstorm,3.908598606,3.426215685
Lahore,5/2/2020,32.71243758,32.08250876,1014.69647,broken clouds,5.780663075,7.325238794
Lahore,5/3/2020,22.59944858,50.29681232,1031.142931,thunderstorm,6.89321264,1.23451326
Lahore,5/4/2020,37.81389713,38.26488452,989.9984205,clear sky,14.88887572,6.903230309
Lahore,5/5/2020,26.97874524,42.2515998,996.3806168,scattered clouds,7.216991744,3.500689345
Lahore,5/6/2020,33.19222216,44.05684128,1009.034862,clear sky,7.964870433,6.874902497
Lahore,5/7/2020,36.17534167,36.90773895,983.1251664,clear sky,14.51283796,6.563684894
Lahore,5/8/2020,40.33701082,32.18492621,983.8004759,clear sky,9.499278612,5.565528063
Lahore,5/9/2020,39.05889847,32.19003193,992.533798,scattered clouds,6.368668579,7.657456494
Lahore,5/10/2020,33.59941667,38.89603288,1019.736853,thunderstorm,7.682642129,7.581385036
Lahore,5/11/2020,28.32143633,55.01725122,1016.731825,thunderstorm,9.720716134,7.543224356
Lahore,5/12/2020,31.07691208,34.97489928,1007.793221,rain,7.880442657,4.248255206
Lahore,5/13/2020,37.44963504,21.06299184,990.7707354,rain,13.03321127,8.59829838
Lahore,5/14/2020,40.06109302,23.83206715,999.9676976,scattered clouds,9.22748804,5.151420964
Lahore,5/15/2020,21.49076628,60.70948875,1021.895886,shower rain,0.675242079,1.659258983
Lahore,5/16/2020,28.2365503,38.46933174,1002.603496,scattered clouds,4.182174606,5.497361852
Lahore,5/17/2020,37.62679836,33.41027197,998.1911107,scattered clouds,14.82654829,6.143782172
Lahore,5/18/2020,29.3596423,36.53473762,997.0255289,mist,6.452290219,6.99130927
Lahore,5/19/2020,26.97346634,50.29974913,992.9257797,mist,3.084144131,7.65536086
Lahore,5/20/2020,28.87174472,32.7339652,1009.022701,clear sky,9.687570965,3.021666582
Lahore,5/21/2020,33.46827392,34.41607383,992.875489,clear sky,6.484459384,4.164579148
Lahore,5/22/2020,42.99532346,30.17642897,987.4629707,mist,13.36268398,7.19776673
Lahore,5/23/2020,30.8318183,57.65687408,1002.707322,clear sky,6.839206994,5.815396442
Lahore,5/24/2020,24.0038674,84.38270355,1021.901523,mist,0.711915986,5.579513888
Lahore,5/25/2020,22.90831781,88.7501377,1039.666382,clear sky,4.308987075,5.459417453
Lahore,5/26/2020,20.01639394,76.01916261,1008.839269,rain,6.981801934,4.185850497
Lahore,5/27/2020,32.41161364,50.27444599,1001.272691,few clouds,3.243164479,4.28694007
Lahore,5/28/2020,32.0697302,48.75068997,993.9672037,shower rain,8.892559383,6.916439049
Lahore,5/29/2020,23.92561424,74.91275691,1024.304541,scattered clouds,1.64836557,2.013258856
Lahore,5/30/2020,35.68790575,22.9424069,994.5534636,clear sky,8.938662227,9.82586162
Lahore,5/31/2020,36.786569,30.87477912,989.6415365,clear sky,8.727095118,5.029199579
Lahore,6/1/2020,25.21835693,41.582038,997.374938,broken clouds,9.29158036,5.84885252
Lahore,6/2/2020,27.25839434,43.27611647,1008.626648,rain,6.531403322,3.441986235
Lahore,6/3/2020,42.77132014,30.47201146,990.7831545,broken clouds,9.471742868,7.037997651
Lahore,6/4/2020,27.98234723,33.85188515,995.1355717,mist,8.726175762,6.174667702
Lahore,6/5/2020,37.25924012,27.18975468,988.113638,clear sky,5.489071343,8.447992478
Lahore,6/6/2020,29.86541024,31.90348683,1003.055913,broken clouds,3.605194206,6.927847348
Lahore,6/7/2020,38.04027587,39.59336261,999.6523551,rain,5.216888569,7.966638514
Lahore,6/8/2020,37.45655773,22.37056058,996.9857166,rain,11.87982904,6.256596756
Lahore,6/9/2020,35.0261446,25.17049477,994.6874158,rain,10.25616137,9.446266215
Lahore,6/10/2020,39.51468031,37.82585853,997.7755405,scattered clouds,13.76022126,9.055537065
Lahore,6/11/2020,41.54124388,29.65420092,994.7096881,few clouds,9.98532903,5.800261589
Lahore,6/12/2020,32.91959969,34.06911605,1017.102056,scattered clouds,4.552737009,7.132555921
Lahore,6/13/2020,24.69925377,65.36922152,1002.182125,mist,5.636031612,5.86322258
Lahore,6/14/2020,28.56709508,33.47603983,1003.681986,mist,5.06026698,6.186095584
Lahore,6/15/2020,37.19933712,24.00431994,994.9379667,clear sky,14.35689782,6.409026116
Lahore,6/16/2020,34.62120364,31.56089541,1007.498874,clear sky,4.752967215,6.032969156
Lahore,6/17/2020,23.26716013,67.52909978,1007.006647,scattered clouds,1.17404457,2.712675346
Lahore,6/18/2020,20.22974899,82.26544487,1013.619683,clear sky,3.453267941,4.379732353
Lahore,6/19/2020,35.39107825,31.71938357,986.3554875,scattered clouds,5.50515118,7.723999797
Lahore,6/20/2020,25.02589658,48.19035916,997.8404074,thunderstorm,3.254882099,7.64745306
Lahore,6/21/2020,30.99208585,36.0175209,1000.294067,thunderstorm,6.472101817,6.089542716
Lahore,6/22/2020,36.92192254,26.87787687,990.2970658,clear sky,7.151068808,6.069908419
Lahore,6/23/2020,32.50400274,55.35726312,1015.646071,scattered clouds,3.065468469,6.625549367
Lahore,6/24/2020,20.99926199,53.51424737,1029.681306,thunderstorm,2.07239838,2.504391589
Lahore,6/25/2020,23.45392568,84.31722615,1033.409988,broken clouds,3.341571477,2.361954765
Lahore,6/26/2020,24.26387642,69.34760105,1035.34415,scattered clouds,2.76002091,2.958883128
Lahore,6/27/2020,25.18874209,55.11442294,1002.484514,rain,3.948286263,3.059983395
Lahore,6/28/2020,32.56968141,39.54019258,1000.380789,rain,7.057723795,7.845703301
Lahore,6/29/2020,31.09517872,40.16528855,991.7287015,few clouds,7.972330938,5.661655557
Lahore,6/30/2020,23.87584092,80.06419473,1037.219665,shower rain,4.728774135,4.867469469
Lahore,7/1/2020,20.62131624,81.39984694,1002.632921,clear sky,2.756333449,2.289261112
Lahore,7/2/2020,23.11437291,59.18578712,1029.645421,few clouds,0.963173058,4.733090658
Lahore,7/3/2020,42.6251515,39.4574265,987.5621661,scattered clouds,9.994867735,7.835852511
Lahore,7/4/2020,30.24512679,32.53470313,1018.463423,rain,9.233022285,5.120720869
Lahore,7/5/2020,39.81629211,21.37005926,988.3920404,mist,9.687228489,9.853346131
Lahore,7/6/2020,39.3700592,31.91008431,996.332167,scattered clouds,6.956810497,7.469218571
Lahore,7/7/2020,31.27646938,51.68222303,998.479645,mist,3.651373122,6.287292909
Lahore,7/8/2020,35.960505,39.21772258,985.9817743,rain,14.43926638,5.076710957
Lahore,7/9/2020,23.62604825,66.19783123,1023.820776,clear sky,5.201065862,2.507276032
Lahore,7/10/2020,35.52152092,20.50582818,999.9596527,mist,8.129669727,9.443457831
Lahore,7/11/2020,25.5372299,48.08689018,1005.527173,shower rain,5.067466843,6.794795306
Lahore,7/12/2020,38.96949032,25.79392041,998.7261727,mist,13.95218487,7.683770181
Lahore,7/13/2020,21.00937919,67.31788485,1031.449993,rain,1.242977644,5.500798536
Lahore,7/14/2020,37.55532815,29.76938964,995.9172863,broken clouds,10.3503729,7.431102566
Lahore,7/15/2020,21.39848576,52.58050443,1017.4384,shower rain,4.994529926,3.832535321
Lahore,7/16/2020,40.14854169,29.71963569,987.730845,broken clouds,8.96390352,6.910764236
Lahore,7/17/2020,26.30090844,42.78959,995.7576542,mist,3.279316398,6.100200184
Lahore,7/18/2020,34.70544076,51.37632796,1018.918238,clear sky,4.594311696,4.595007655
Lahore,7/19/2020,30.70005469,49.36997734,1018.781808,mist,9.312656962,4.927460888
Lahore,7/20/2020,27.79127549,35.55647154,1012.412032,rain,6.661832768,7.831631316
Lahore,7/21/2020,34.490604,36.18416755,998.8875735,clear sky,8.708088725,3.556543399
Lahore,7/22/2020,41.74055153,25.02012358,984.9035908,rain,10.55685543,5.526276726
Lahore,7/23/2020,19.99047394,57.15801761,1039.54441,mist,6.60521467,1.216580097
Lahore,7/24/2020,41.05246854,33.14426399,981.3308563,mist,14.09134076,6.600222599
Lahore,7/25/2020,33.61795972,59.83290538,1015.306929,mist,6.380216294,4.991146212
Lahore,7/26/2020,38.37554322,33.04216681,987.10916,broken clouds,8.182740254,5.47257822
Lahore,7/27/2020,28.21299888,48.20044639,1002.566092,clear sky,7.211681511,5.745654977
Lahore,7/28/2020,30.3242314,42.297838,1014.959329,clear sky,7.724213772,5.916507645
Lahore,7/29/2020,39.85241804,26.25160518,981.8120603,clear sky,9.983550923,8.755133468
Lahore,7/30/2020,28.95635128,57.33221271,1000.62509,broken clouds,8.755982548,7.879840583
Lahore,7/31/2020,31.8318296,59.07005622,1018.560728,clear sky,4.283299652,6.096761236
Lahore,8/1/2020,19.48467815,69.87104702,1027.962637,mist,2.340882814,1.558254033
Lahore,8/2/2020,22.80635214,61.60801982,1030.197567,rain,4.804634502,1.442621216
Lahore,8/3/2020,34.40047619,53.10366623,1012.725159,clear sky,4.726787058,6.887734318
Lahore,8/4/2020,36.20744563,22.64913582,981.2114017,clear sky,9.398447447,8.251670643
Lahore,8/5/2020,32.98242248,52.96764713,996.0962278,clear sky,9.746134826,3.809571974
Lahore,8/6/2020,22.43944087,82.75793497,1019.65053,few clouds,4.381131809,2.266799863
Lahore,8/7/2020,29.68973029,33.74711834,1001.044507,clear sky,9.643400642,6.751201936
Lahore,8/8/2020,27.52227439,59.30584406,1002.327369,few clouds,8.057089823,5.830778909
Lahore,8/9/2020,30.89587226,59.56536871,1013.443421,broken clouds,8.072667388,5.925000313
Lahore,8/10/2020,39.88789683,38.73438959,980.2935847,clear sky,10.91857174,6.050043356
Lahore,8/11/2020,37.62067453,29.92069619,993.2098385,scattered clouds,6.422085948,8.145289908
Lahore,8/12/2020,21.01574803,59.84296569,1000.004409,clear sky,3.638000036,4.853142977
Lahore,8/13/2020,40.36742075,31.64018562,981.2611705,scattered clouds,7.526662005,9.426261127
Lahore,8/14/2020,30.32241163,42.59801515,1002.248584,mist,9.99070788,6.683586624
Lahore,8/15/2020,36.85269148,24.11897289,996.8189704,scattered clouds,7.669619401,7.881878255
Lahore,8/16/2020,22.36094155,66.94705638,1005.799831,rain,1.614800904,4.366296536
Lahore,8/17/2020,35.09726862,33.27779671,991.0924282,thunderstorm,11.23883155,7.425557313
Lahore,8/18/2020,24.67182442,52.83653243,1027.140209,scattered clouds,3.576641693,2.134491216
Lahore,8/19/2020,29.52114153,40.00254004,996.8859865,few clouds,3.149470393,7.411034864
Lahore,8/20/2020,19.40470888,50.7117956,1020.49321,few clouds,0.906732253,3.663113166
Lahore,8/21/2020,22.63865531,79.97982022,1036.456291,scattered clouds,5.677300593,3.971591556
Lahore,8/22/2020,21.20993183,75.6276507,1020.489141,clear sky,3.385843686,5.950544569
Lahore,8/23/2020,24.75386015,52.50688539,1006.292922,thunderstorm,1.022106504,5.925078391
Lahore,8/24/2020,21.40043416,88.58950238,1025.112572,rain,3.25669794,3.931554925
Lahore,8/25/2020,35.60584064,20.45243114,991.8440036,rain,7.531490831,5.16978631
Lahore,8/26/2020,19.69695765,73.59842586,1001.07819,mist,1.565140228,2.98073769
Lahore,8/27/2020,33.82577201,53.29102385,992.7178322,thunderstorm,9.704076935,7.6864664
Lahore,8/28/2020,22.37698794,81.51585252,1006.271254,broken clouds,2.534171688,2.441532962
Lahore,8/29/2020,41.68387497,20.68570271,982.7257816,broken clouds,5.464311047,9.996343426
Lahore,8/30/2020,41.39425775,38.12830265,985.1893154,clear sky,14.70326673,5.421587634
Lahore,8/31/2020,24.41207446,86.73806688,1018.164213,shower rain,5.563877023,3.840570905
Lahore,9/1/2020,33.74611116,46.84171119,1001.151489,broken clouds,4.780893146,5.577246801
Lahore,9/2/2020,19.67212767,69.28332796,1035.625996,clear sky,2.862242843,2.276764567
Lahore,9/3/2020,41.36292503,20.89734926,992.2421882,scattered clouds,13.62289575,9.743035653
Lahore,9/4/2020,31.5516954,46.85862428,1016.28433,broken clouds,5.501894635,6.09585605
Lahore,9/5/2020,20.03735563,66.37516327,1021.081573,rain,3.971828294,2.151141417
Lahore,9/6/2020,27.21999983,53.18419222,992.6961141,mist,6.743998088,4.920240989
Lahore,9/7/2020,20.84438708,66.15534268,1018.531498,clear sky,2.80906184,4.606147134
Lahore,9/8/2020,28.43066654,50.507425,1014.660976,rain,7.476513313,4.488483563
Lahore,9/9/2020,35.07823221,22.02816292,983.8820753,broken clouds,9.732907373,9.39803101
Lahore,9/10/2020,30.27735779,33.98856812,992.7364284,scattered clouds,3.148613442,3.82836949
Lahore,9/11/2020,28.20933219,34.19130572,999.8830422,thunderstorm,8.700681754,4.322525449
Lahore,9/12/2020,21.85976909,51.82101999,1015.555913,shower rain,0.792090479,1.724493067
Lahore,9/13/2020,24.8785371,71.65315437,1012.250307,broken clouds,3.248629516,1.520894194
Lahore,9/14/2020,21.40343891,81.75870904,1005.409631,shower rain,4.059305536,2.501577117
Lahore,9/15/2020,38.37996956,32.20822407,985.0167972,scattered clouds,12.05506054,9.995893732
Lahore,9/16/2020,22.24575587,72.99819542,1027.291296,clear sky,2.875575747,1.471647066
Lahore,9/17/2020,33.2889608,50.41871785,1001.577855,clear sky,8.148839409,4.065010959
Lahore,9/18/2020,27.22576993,40.18935969,1008.976483,clear sky,3.919450593,4.358083995
Lahore,9/19/2020,24.42348123,64.47816287,1021.452151,scattered clouds,4.574118838,4.095648422
Lahore,9/20/2020,34.34724255,39.42810295,1006.471588,thunderstorm,8.784372493,6.726728482
Lahore,9/21/2020,29.96805543,51.36326799,997.4564867,few clouds,9.22610781,6.759668374
Lahore,9/22/2020,28.60349121,34.84921007,1005.646291,shower rain,7.056965472,3.04317991
Lahore,9/23/2020,33.22844812,30.39075841,990.7078414,broken clouds,5.190266387,6.259252294
Lahore,9/24/2020,30.79042308,47.8858934,1002.952312,scattered clouds,4.143495582,6.153684397
Lahore,9/25/2020,26.28362101,58.27144094,1007.178685,shower rain,5.41891127,5.588273409
Lahore,9/26/2020,32.41747091,48.28223751,995.4598686,clear sky,6.779820612,4.896042807
Lahore,9/27/2020,35.06796584,35.65843306,985.1311701,shower rain,6.96330224,8.987220987
Lahore,9/28/2020,19.64063581,76.91162838,1008.781241,clear sky,6.66760434,2.719403977
Lahore,9/29/2020,30.18092149,44.92309961,992.1167387,rain,9.279948002,4.150061361
Lahore,9/30/2020,20.38439883,78.73569607,1013.914293,scattered clouds,0.230700364,2.550475873
Lahore,10/1/2020,23.47372994,82.96416495,1039.158631,scattered clouds,3.933732588,3.198239586
Lahore,10/2/2020,32.45220962,36.74194933,1000.616412,clear sky,8.525161532,4.07028694
Lahore,10/3/2020,39.78853397,26.72260961,989.2107324,few clouds,7.453919599,8.037856231
Lahore,10/4/2020,40.1873363,24.47451465,993.061745,few clouds,10.23896232,9.421046013
Lahore,10/5/2020,20.67865624,68.08691822,1025.93991,shower rain,2.841943177,3.977300621
Lahore,10/6/2020,29.05852207,56.55193653,1018.496849,mist,4.37582385,5.233341537
Lahore,10/7/2020,32.99215559,40.35621303,1015.726924,few clouds,7.303161687,6.984343831
Lahore,10/8/2020,22.52967771,64.97867557,1031.758027,rain,6.955845228,4.740193114
Lahore,10/9/2020,37.3703732,37.20734469,999.0325445,few clouds,8.652872603,6.835290608
Lahore,10/10/2020,36.8616462,30.30748661,984.6153077,broken clouds,10.52379008,8.020767353
Lahore,10/11/2020,40.68018433,30.70897999,992.3410839,clear sky,8.278546816,8.649214302
Lahore,10/12/2020,19.20366429,84.43204813,1035.487871,few clouds,6.138640318,2.22731629
Lahore,10/13/2020,24.20042186,69.62106948,1024.965526,rain,6.052218903,2.831369395
Lahore,10/14/2020,38.85248114,33.63115069,999.5484095,clear sky,6.787733879,5.528880353
Lahore,10/15/2020,35.09392122,21.71289332,982.0070543,rain,13.99948874,9.938401392
Lahore,10/16/2020,40.46535649,23.57263426,988.7866101,broken clouds,6.515087111,5.429388252
Lahore,10/17/2020,20.37231171,66.17504803,1039.094516,mist,0.668079717,1.843030626
Lahore,10/18/2020,33.32713518,44.84517203,1001.387041,thunderstorm,7.57054231,5.399159748
Lahore,10/19/2020,32.6571178,58.97201104,1012.186691,mist,5.701328741,7.326359168
Lahore,10/20/2020,19.85618599,88.82606532,1001.216116,rain,3.715184154,2.779410115
Lahore,10/21/2020,31.32452985,55.53591262,1010.845113,thunderstorm,7.567995474,6.842980738
Lahore,10/22/2020,33.62848747,39.46796506,1018.038802,mist,3.369860665,6.380170367
Lahore,10/23/2020,23.59103618,88.56113163,1015.308251,mist,2.050672198,4.193320386
Lahore,10/24/2020,25.55990999,50.68022594,990.6389951,clear sky,6.226344182,7.225086255
Lahore,10/25/2020,34.36833631,41.78820383,990.8372941,few clouds,4.866111869,3.070851448
Lahore,10/26/2020,30.23922274,51.05024751,1016.760699,thunderstorm,3.34279969,7.645765193
Lahore,10/27/2020,39.59232778,20.3304546,994.4503221,mist,5.866765732,9.146130902
Lahore,10/28/2020,27.21716238,34.38464047,993.2005915,shower rain,8.612235081,7.689336098
Lahore,10/29/2020,25.3998318,54.89057135,991.6377083,few clouds,9.379707314,6.967939419
Lahore,10/30/2020,42.63678257,32.91147274,996.0965073,clear sky,6.522333024,9.392957037
Lahore,10/31/2020,40.86725848,27.28389403,996.1972127,clear sky,7.492619573,6.015390241
Lahore,11/1/2020,19.69582588,70.02666561,1004.820874,few clouds,4.565745833,2.596145334
Lahore,11/2/2020,37.49748677,38.10284299,986.0304081,clear sky,14.54271776,6.576105067
Lahore,11/3/2020,21.64803457,75.26312438,1031.201043,clear sky,2.097127964,1.545833729
Lahore,11/4/2020,19.65964468,65.92597136,1021.016483,few clouds,5.986495384,4.647896276
Lahore,11/5/2020,25.56869238,33.60979972,1018.697546,scattered clouds,6.542172511,3.680854463
Lahore,11/6/2020,25.4643011,38.81240405,1004.431879,thunderstorm,9.695910474,3.26254583
Lahore,11/7/2020,38.6636503,39.56680466,993.5391588,scattered clouds,6.362586624,8.87723435
Lahore,11/8/2020,36.0560139,28.74726126,990.1956673,mist,14.73672398,9.523315849
Lahore,11/9/2020,42.55862626,29.43678928,998.8593099,clear sky,9.409786278,8.82061674
Lahore,11/10/2020,36.07630961,29.97196065,987.9731818,clear sky,14.5293839,9.126761064
Lahore,11/11/2020,29.03813328,56.52312069,996.8938937,clear sky,6.210831519,5.978108389
Lahore,11/12/2020,35.77426386,32.07856569,986.5326772,shower rain,10.30082134,9.43873169
Lahore,11/13/2020,42.98701761,33.87354073,997.0555041,clear sky,13.0477501,7.483517412
Lahore,11/14/2020,36.04340518,27.78827085,989.9587713,clear sky,12.22628501,9.941613092
Lahore,11/15/2020,37.28035254,20.58175237,987.0850461,clear sky,11.1960332,5.517075214
Lahore,11/16/2020,41.52076036,38.61945828,990.8852004,clear sky,9.169800236,9.045903534
Lahore,11/17/2020,21.72763027,87.96510724,1005.329188,mist,5.547068572,4.20694708
Lahore,11/18/2020,35.91482304,38.98306107,980.1071861,thunderstorm,14.48228333,7.903230341
Lahore,11/19/2020,39.41934299,38.87374173,985.6116937,few clouds,5.098108969,8.629052654
Lahore,11/20/2020,41.90508641,36.30483882,992.1001144,mist,10.87845096,9.201457654
Lahore,11/21/2020,24.06326295,77.383842,1028.467231,clear sky,6.061866503,5.314420334
Lahore,11/22/2020,31.09429619,55.33529755,1014.798329,mist,7.571787761,3.876904815
Lahore,11/23/2020,35.33331634,32.01092478,998.5332712,clear sky,13.00829258,5.985179649
Lahore,11/24/2020,24.93922551,55.37478456,1016.484494,clear sky,6.265427727,1.080832548
Lahore,11/25/2020,33.41134872,41.73654495,1012.215504,few clouds,8.256657111,3.659212289
Lahore,11/26/2020,25.18189078,59.13884736,992.2401879,clear sky,8.01912181,4.319412464
Lahore,11/27/2020,27.00296849,40.53413441,991.7259,few clouds,9.75322124,6.605179113
Lahore,11/28/2020,29.59644872,56.03483741,993.7439398,mist,9.045792605,5.378837545
Lahore,11/29/2020,31.70056237,32.79634412,1003.457073,few clouds,8.707645087,6.789517678
Lahore,11/30/2020,29.78478092,40.02551527,996.3384432,rain,3.604823523,5.432679239
Lahore,12/1/2020,11.87751936,64.03813299,1011.476998,shower rain,1.673209182,3.777987265
Lahore,12/2/2020,8.374597613,52.06410172,1025.915207,broken clouds,3.89729217,1.555332933
Lahore,12/3/2020,5.861371692,54.76377321,1014.340887,scattered clouds,4.966920735,4.882791423
Lahore,12/4/2020,3.852299592,57.72660844,1022.294862,rain,2.122504253,4.790632661
Lahore,12/5/2020,6.527617005,83.51262363,1016.49615,thunderstorm,0.653296792,2.537807958
Lahore,12/6/2020,13.47498555,52.5360796,1006.75877,shower rain,2.177694308,2.642890389
Lahore,12/7/2020,17.15007806,61.94803605,1002.9608,clear sky,5.397204264,2.098407253
Lahore,12/8/2020,6.046456754,50.4070001,1009.44926,thunderstorm,6.141807205,5.06919838
Lahore,12/9/2020,4.95399644,77.82510982,1002.308019,thunderstorm,6.390325538,4.73503401
Lahore,12/10/2020,16.48722649,74.8121236,1024.744478,clear sky,2.652066754,4.045738691
Lahore,12/11/2020,8.49284995,75.79929048,1031.828704,shower rain,2.607770024,2.194110516
Lahore,12/12/2020,20.12698991,64.97531139,1013.589631,rain,2.846952297,1.859266663
Lahore,12/13/2020,15.85772347,58.33071285,1015.484442,scattered clouds,2.630666286,1.251344256
Lahore,12/14/2020,8.88160885,78.81280853,1032.647643,few clouds,4.663376253,1.228057409
Lahore,12/15/2020,8.21176946,82.44471491,1008.904516,scattered clouds,2.508262835,1.935680699
Lahore,12/16/2020,12.42657095,55.54405992,1004.766411,broken clouds,0.142407556,1.502662662
Lahore,12/17/2020,4.424604029,69.47317712,1020.044725,rain,3.073172205,3.780538365
Lahore,12/18/2020,5.118177228,59.94862728,1025.847607,mist,1.569064463,2.790450639
Lahore,12/19/2020,6.165441864,56.72427445,1023.986177,mist,0.201649964,3.224728911
Lahore,12/20/2020,16.94502468,79.37301254,1028.554922,scattered clouds,3.295900661,3.970335918
Lahore,12/21/2020,12.24943247,71.52387742,1002.270047,clear sky,1.441681914,4.295508727
Lahore,12/22/2020,3.19020821,58.6474133,1017.128065,mist,3.169192704,4.241008599
Lahore,12/23/2020,15.12329749,62.40000045,1009.542821,rain,1.944249906,2.304282934
Lahore,12/24/2020,10.62642322,88.66614685,1030.36485,few clouds,4.225962092,5.048135101
Lahore,12/25/2020,12.19534257,83.94718259,1034.909219,broken clouds,6.936141708,5.58854835
Lahore,12/26/2020,6.854092381,85.19786971,1011.25343,few clouds,3.830623445,2.579691736
Lahore,12/27/2020,12.93208011,68.40048388,1003.808723,broken clouds,4.528271418,1.085327083
Lahore,12/28/2020,20.62475832,74.95229056,1010.137118,thunderstorm,6.434930304,5.495770933
Lahore,12/29/2020,4.322004438,65.07070961,1004.16034,clear sky,2.618002924,5.617743665
Lahore,12/30/2020,8.110513194,53.10847903,1012.896887,rain,1.165839148,1.254732202
Lahore,12/31/2020,7.373956671,66.04277243,1021.527943,shower rain,1.979580981,1.024782959
Lahore,1/1/2021,7.473887594,73.75923013,1038.947238,broken clouds,2.819564585,5.082023915
Lahore,1/2/2021,9.816714436,61.48577083,1015.97481,rain,4.515123769,2.507316772
Lahore,1/3/2021,17.72597613,83.91802299,1008.801597,clear sky,0.032116206,5.572910836
Lahore,1/4/2021,19.43145642,56.04400637,1006.67207,mist,5.973682503,2.083717866
Lahore,1/5/2021,6.639871574,64.68516358,1006.921591,clear sky,0.532657811,5.305773081
Lahore,1/6/2021,12.77309888,54.99615621,1007.703907,scattered clouds,6.304586042,1.343221349
Lahore,1/7/2021,14.4641815,66.19328536,1030.490681,broken clouds,6.646041648,2.303184237
Lahore,1/8/2021,12.39289454,51.5864522,1002.441108,mist,6.930719559,5.865644396
Lahore,1/9/2021,10.8133751,60.9019758,1039.896108,clear sky,5.666571291,2.155983272
Lahore,1/10/2021,6.455559105,66.0294102,1020.907456,shower rain,0.992988682,1.66506492
Lahore,1/11/2021,11.78794847,69.12661453,1021.770876,mist,4.943169303,5.285273262
Lahore,1/12/2021,10.2218669,71.74785434,1014.302555,shower rain,1.423249034,1.589003959
Lahore,1/13/2021,17.32014053,60.99964519,1027.610214,rain,6.279894849,1.487280543
Lahore,1/14/2021,16.74487846,70.92165338,1018.858254,mist,2.21624148,2.617125671
Lahore,1/15/2021,5.411976262,70.36018486,1013.162451,clear sky,2.28757184,4.176642533
Lahore,1/16/2021,4.593342946,62.64712204,1010.605536,shower rain,6.423573071,4.553731869
Lahore,1/17/2021,19.34677098,83.20801323,1037.026048,rain,0.092617495,5.406193919
Lahore,1/18/2021,12.639151,71.82564506,1011.639581,broken clouds,1.35776306,3.70455763
Lahore,1/19/2021,18.44041687,63.29078875,1017.45573,clear sky,2.953525866,2.967088934
Lahore,1/20/2021,4.04672017,87.89354048,1014.013656,clear sky,4.905050971,2.794168809
Lahore,1/21/2021,12.4772811,83.80449652,1003.447153,scattered clouds,4.532963162,5.234513642
Lahore,1/22/2021,12.70967726,89.30351246,1007.437376,few clouds,4.685883126,4.619076547
Lahore,1/23/2021,18.49263659,77.68935499,1007.580079,broken clouds,6.160154199,5.527145069
Lahore,1/24/2021,4.756979968,65.12891622,1027.745981,broken clouds,0.847212886,5.820177279
Lahore,1/25/2021,7.328020146,61.23442667,1016.263416,shower rain,3.655131874,2.50025418
Lahore,1/26/2021,10.31768965,76.53271375,1031.278703,clear sky,5.078343824,3.648370594
Lahore,1/27/2021,18.58514656,89.2326633,1028.358037,mist,4.4528291,4.159104037
Lahore,1/28/2021,19.89989967,75.0686032,1007.681991,broken clouds,3.13819884,1.819244734
Lahore,1/29/2021,20.86904315,85.26459764,1022.516677,thunderstorm,0.119802101,1.26673517
Lahore,1/30/2021,20.26548276,63.16413724,1029.716354,few clouds,0.42316586,5.338819571
Lahore,1/31/2021,3.106951605,66.2781513,1025.321717,scattered clouds,0.832589288,3.677617554
Lahore,2/1/2021,3.858750146,86.25100958,1024.00066,broken clouds,2.40259427,3.853871082
Lahore,2/2/2021,5.656922745,80.27466808,1029.584435,few clouds,0.823574169,3.774571727
Lahore,2/3/2021,9.279517742,89.25641281,1002.27123,clear sky,2.982576191,4.774803524
Lahore,2/4/2021,17.93852456,80.99056839,1029.256878,scattered clouds,1.250493934,1.727509723
Lahore,2/5/2021,19.06781152,67.94062829,1010.906211,thunderstorm,5.454163383,4.070242204
Lahore,2/6/2021,6.363019313,71.24272079,1022.87489,rain,6.100413317,3.347397558
Lahore,2/7/2021,14.15395473,86.0206197,1009.6922,clear sky,2.727532556,5.484790798
Lahore,2/8/2021,19.51251573,72.06586944,1033.552703,rain,3.579322357,3.598104689
Lahore,2/9/2021,11.34717125,60.21589497,1019.222374,broken clouds,6.674473691,5.71467487
Lahore,2/10/2021,4.863784295,67.42479251,1025.717648,clear sky,3.748554287,2.766264971
Lahore,2/11/2021,11.2406457,70.65263955,1031.763282,rain,6.965512511,5.834473532
Lahore,2/12/2021,9.764308241,53.86879334,1035.81261,few clouds,0.994916956,5.37578974
Lahore,2/13/2021,13.39784393,79.75050697,1029.282484,broken clouds,6.035584944,3.921316449
Lahore,2/14/2021,10.89585632,54.37415733,1005.950743,shower rain,3.480421019,2.768549667
Lahore,2/15/2021,3.312226683,66.19670853,1034.181295,mist,0.158998779,2.879616787
Lahore,2/16/2021,20.8919592,82.18489766,1024.743117,shower rain,6.80556059,4.863760432
Lahore,2/17/2021,12.78372428,68.70281446,1024.37799,rain,6.755335298,3.903156756
Lahore,2/18/2021,11.5253536,83.68062079,1036.853622,clear sky,2.682895881,3.007937927
Lahore,2/19/2021,20.18311269,63.67525288,1009.953262,few clouds,6.678994498,4.180274807
Lahore,2/20/2021,5.805486617,88.30545176,1009.583505,thunderstorm,0.987067496,4.66616699
Lahore,2/21/2021,6.406276846,58.37873727,1020.527742,shower rain,4.760770988,1.114502563
Lahore,2/22/2021,17.54426548,51.5305658,1030.034523,shower rain,1.343502908,1.449314006
Lahore,2/23/2021,7.69495944,84.89706172,1017.889628,rain,1.726530654,1.472427202
Lahore,2/24/2021,17.38608791,80.08810864,1025.355656,thunderstorm,5.45536206,2.159669026
Lahore,2/25/2021,7.887602692,59.27935348,1018.100989,mist,2.641506592,3.134952196
Lahore,2/26/2021,3.597377344,89.38966429,1024.415487,clear sky,0.04989252,5.018249496
Lahore,2/27/2021,12.30626503,70.09120517,1032.890492,clear sky,2.899668969,2.755495175
Lahore,2/28/2021,6.540355814,88.04261761,1007.219068,few clouds,1.596485244,1.087388942
Lahore,3/1/2021,37.18831103,30.10057543,993.9075707,scattered clouds,11.83329914,7.416809265
Lahore,3/2/2021,34.3887912,44.1562376,1013.622772,few clouds,4.361140877,7.983142977
Lahore,3/3/2021,41.16646403,28.98277074,988.9422281,few clouds,13.42253528,6.745104978
Lahore,3/4/2021,37.79172057,26.69750552,986.4646715,clear sky,7.670930121,9.806272594
Lahore,3/5/2021,23.33862292,71.34805989,1000.541773,clear sky,2.751197808,1.506725656
Lahore,3/6/2021,38.20379768,29.05109324,995.9421004,rain,7.980368608,5.86549829
Lahore,3/7/2021,34.40168908,31.1024063,999.8381598,thunderstorm,7.507463435,6.620610351
Lahore,3/8/2021,35.0548394,25.20870467,987.1461894,clear sky,6.011635412,7.506062245
Lahore,3/9/2021,38.97430926,24.262456,986.7201233,clear sky,9.780993727,8.825609017
Lahore,3/10/2021,32.77177766,56.02306807,1004.96218,shower rain,5.341183707,7.317791725
Lahore,3/11/2021,30.18408434,47.96609932,1011.074987,mist,9.188965743,4.25542438
Lahore,3/12/2021,34.27938485,52.91049301,1013.155894,few clouds,3.513884655,6.414145852
Lahore,3/13/2021,26.1509783,58.70478113,1001.777122,clear sky,8.807865455,6.038006183
Lahore,3/14/2021,23.38233115,75.7615709,1026.524081,scattered clouds,1.173763336,5.307675146
Lahore,3/15/2021,33.79810811,59.47829974,1011.620528,clear sky,3.62004362,5.150519503
Lahore,3/16/2021,24.61236086,62.47056207,1011.876693,clear sky,1.416260007,1.259352154
Lahore,3/17/2021,20.91796262,57.45068729,1003.864859,clear sky,0.718570874,3.870930636
Lahore,3/18/2021,19.01330043,66.13239552,1035.786629,clear sky,3.646887637,5.794391596
Lahore,3/19/2021,33.59966563,44.12398245,1010.313479,broken clouds,9.91750467,3.073155898
Lahore,3/20/2021,27.6915708,56.86084629,1009.443312,rain,3.240291463,4.201289942
Lahore,3/21/2021,37.0554633,31.19880878,981.1780503,few clouds,9.611283493,6.58033895
Lahore,3/22/2021,28.00423356,38.76542998,1014.536192,few clouds,5.702492304,6.829194439
Lahore,3/23/2021,30.66408276,52.27902849,1006.981625,few clouds,5.3772449,4.616384612
Lahore,3/24/2021,28.77003935,45.17495811,1015.436533,clear sky,5.323045273,4.195419316
Lahore,3/25/2021,34.61379499,34.86395836,1019.236836,mist,9.265089296,6.242790072
Lahore,3/26/2021,27.54733989,47.30459363,1018.71301,rain,3.132833051,3.232026445
Lahore,3/27/2021,42.1304236,38.22789074,997.1217869,broken clouds,12.74916387,5.8529843
Lahore,3/28/2021,41.46752768,36.85245235,980.2189475,clear sky,7.529331788,7.040151143
Lahore,3/29/2021,39.35266966,31.73619945,997.7145442,clear sky,8.832955108,6.777999812
Lahore,3/30/2021,41.08720649,27.54166348,981.5012463,few clouds,9.201499128,6.735829096
Lahore,3/31/2021,29.77935252,32.60936253,1015.535819,mist,5.133122279,3.542775066
Lahore,4/1/2021,31.87432952,44.0894677,998.4052221,mist,3.654912033,4.804200097
Lahore,4/2/2021,36.81022222,35.04158875,992.2013668,broken clouds,6.143308488,8.98996386
Lahore,4/3/2021,35.7075022,27.20547439,980.7613646,clear sky,7.981311241,7.069221009
Lahore,4/4/2021,40.37628629,24.70893651,995.4236339,mist,13.21809053,7.930855924
Lahore,4/5/2021,36.19194465,38.62759439,982.2341224,clear sky,6.346276528,5.817897047
Lahore,4/6/2021,42.949233,36.43111401,988.2137634,clear sky,12.42639833,5.348556817
Lahore,4/7/2021,27.3641392,49.14826858,1014.52338,clear sky,5.022088106,7.39978021
Lahore,4/8/2021,38.99194581,22.73566688,993.9069799,mist,13.83464935,6.656862981
Lahore,4/9/2021,35.74323575,22.89817681,980.1208539,few clouds,9.283284754,6.751686165
Lahore,4/10/2021,35.59327469,22.06439183,988.0606467,shower rain,6.717233133,9.388439247
Lahore,4/11/2021,26.82005428,48.48890001,991.2578255,broken clouds,9.900911151,6.538856745
Lahore,4/12/2021,37.85444302,22.31125593,993.4699972,clear sky,6.766345192,8.781313555
Lahore,4/13/2021,40.60902454,36.85254398,999.3789698,broken clouds,10.67619821,8.410017421
Lahore,4/14/2021,24.24516308,89.71860007,1026.21045,broken clouds,3.985005347,1.528961224
Lahore,4/15/2021,34.01192409,40.99044554,996.7311729,clear sky,5.609694158,7.789979105
Lahore,4/16/2021,28.4112359,43.61009541,1000.656991,few clouds,9.660420148,7.545681436
Lahore,4/17/2021,42.74915486,34.23334354,999.5330111,clear sky,13.43874562,6.181100634
Lahore,4/18/2021,30.49198758,58.11459019,996.7215724,shower rain,8.808736926,7.019970956
Lahore,4/19/2021,24.47968417,85.76375094,1022.461163,broken clouds,6.819063548,3.046982157
Lahore,4/20/2021,28.16458301,31.72775486,1002.013614,rain,6.199765367,6.418834839
Lahore,4/21/2021,34.69212136,35.07215408,1013.049459,thunderstorm,3.680300429,3.828014999
Lahore,4/22/2021,20.82614491,80.18388794,1034.695571,broken clouds,5.358191478,3.692771253
Lahore,4/23/2021,33.48644609,50.66679324,1000.225118,broken clouds,5.665688056,3.633081498
Lahore,4/24/2021,41.34939422,22.66437188,993.2079273,clear sky,6.903451518,7.680835827
Lahore,4/25/2021,39.4087069,30.04129164,990.980954,scattered clouds,9.832473432,6.21796978
Lahore,4/26/2021,20.62416488,81.23258524,1011.13778,shower rain,6.480032581,3.262332644
Lahore,4/27/2021,42.84135709,24.37561365,985.4388161,clear sky,6.71357019,8.339846836
Lahore,4/28/2021,35.76944617,37.42575271,990.772633,rain,13.48698815,9.385372908
Lahore,4/29/2021,22.89473978,52.11887099,1006.160115,mist,2.927434591,1.826445015
Lahore,4/30/2021,19.29798614,81.2878034,1032.432396,shower rain,0.957613865,5.466345577
Lahore,5/1/2021,23.11078327,74.63275599,1002.760194,rain,5.938676128,2.95018824
Lahore,5/2/2021,39.1162221,26.30398693,981.8914897,rain,14.69620341,9.218982843
Lahore,5/3/2021,19.5193438,78.83730193,1013.689052,shower rain,2.038895011,3.562739592
Lahore,5/4/2021,24.59553529,81.29463181,1004.72367,scattered clouds,2.124753469,5.311042859
Lahore,5/5/2021,37.17533429,38.67797943,989.5140004,rain,8.90545983,8.314120338
Lahore,5/6/2021,33.06665286,41.03324016,1001.990277,thunderstorm,8.698912551,5.543580703
Lahore,5/7/2021,37.78565705,33.72033472,994.4361959,broken clouds,5.104171967,6.562693165
Lahore,5/8/2021,36.90761209,32.05232554,999.0600831,few clouds,7.239565517,9.844545438
Lahore,5/9/2021,20.21443329,71.00824278,1030.142343,thunderstorm,4.941298678,5.004488288
Lahore,5/10/2021,40.42027406,37.80832948,983.5889733,clear sky,9.056394505,6.905935926
Lahore,5/11/2021,24.44876402,50.12669257,1037.420851,few clouds,2.312069361,1.833617965
Lahore,5/12/2021,32.28141857,38.46334818,1001.764003,shower rain,9.105980222,6.897677093
Lahore,5/13/2021,34.46291576,46.14831719,1004.225681,scattered clouds,9.421337441,7.949721439
Lahore,5/14/2021,23.04707706,57.13173047,1016.863049,scattered clouds,6.635903534,2.394874769
Lahore,5/15/2021,42.42955016,38.15733067,985.6109405,clear sky,7.725505327,9.579315362
Lahore,5/16/2021,30.71574295,49.42785353,1016.851329,few clouds,9.387588267,3.626853528
Lahore,5/17/2021,20.38342469,69.11531979,1013.289555,clear sky,5.158758883,5.761031271
Lahore,5/18/2021,41.49428907,36.29403518,991.5719294,broken clouds,6.542147485,8.726694562
Lahore,5/19/2021,33.07042824,43.52658574,997.2010075,clear sky,7.271890198,4.732981146
Lahore,5/20/2021,35.78063675,31.17306024,995.9475075,clear sky,5.263348193,6.523159111
Lahore,5/21/2021,31.60421896,30.08252987,1013.22596,scattered clouds,7.95864709,6.21717677
Lahore,5/22/2021,39.03371091,27.3140106,985.9262428,mist,12.33567523,7.967535701
Lahore,5/23/2021,19.79520309,55.55161889,1027.262163,scattered clouds,5.52536956,5.594683507
Lahore,5/24/2021,25.44108077,50.69066042,1011.116206,few clouds,4.207675379,6.831215671
Lahore,5/25/2021,30.27156055,44.37080877,1006.875342,thunderstorm,7.397749587,5.701824363
Lahore,5/26/2021,20.83848679,62.07030229,1024.023935,shower rain,1.251996794,5.637829209
Lahore,5/27/2021,35.94176006,29.35664679,991.4890928,rain,14.46650083,7.963653157
Lahore,5/28/2021,28.44792194,36.28889664,992.4559321,rain,7.725074849,7.248424178
Lahore,5/29/2021,25.54403177,57.75259897,1010.10796,few clouds,3.667280936,7.20471326
Lahore,5/30/2021,19.08109232,52.1589053,1018.791,clear sky,1.30922561,5.595974295
Lahore,5/31/2021,36.27592748,37.30834071,988.7691456,rain,11.63460098,5.338010156
Lahore,6/1/2021,39.01142341,30.22717577,997.1999844,clear sky,9.766704962,7.91909834
Lahore,6/2/2021,28.48097286,48.56839488,990.6968014,mist,8.154083663,5.341962956
Lahore,6/3/2021,32.54123145,39.07816863,997.5394475,mist,4.965521592,5.452711917
Lahore,6/4/2021,24.46447902,88.66790467,1004.85614,shower rain,4.605422758,3.299553018
Lahore,6/5/2021,33.93274351,38.45552876,991.0602313,rain,4.238721176,7.187333447
Lahore,6/6/2021,19.291299,73.55511989,1011.02708,rain,3.805971844,2.592164487
Lahore,6/7/2021,30.72745353,59.80250115,1019.654288,clear sky,9.704597141,5.313755408
Lahore,6/8/2021,34.46093156,56.43283189,998.1068752,mist,7.397555626,4.003412715
Lahore,6/9/2021,41.03660256,30.72659651,993.2741164,clear sky,5.499936175,6.25858308
Lahore,6/10/2021,28.15205961,59.71123569,993.5489667,few clouds,9.921334964,6.302100417
Lahore,6/11/2021,37.36456487,34.02739723,992.0369526,clear sky,6.568663296,5.584679691
Lahore,6/12/2021,33.34448872,36.26101248,1019.534444,clear sky,8.026483719,3.939109055
Lahore,6/13/2021,41.24829071,28.11192421,985.8367505,broken clouds,10.32530039,7.640172798
Lahore,6/14/2021,28.56106422,40.03480002,1015.442268,clear sky,5.060524815,3.21886514
Lahore,6/15/2021,26.65828816,40.32041125,1019.927141,few clouds,4.241173398,3.634634997
Lahore,6/16/2021,40.29140797,35.20912879,991.7710818,scattered clouds,6.777023643,9.316764695
Lahore,6/17/2021,20.18186563,73.37051709,1012.376044,shower rain,6.008797768,5.230733829
Lahore,6/18/2021,22.27324943,51.52370846,1026.94125,rain,6.110387599,2.738880525
Lahore,6/19/2021,20.97770643,85.09793935,1033.793928,scattered clouds,3.256018651,2.739956577
Lahore,6/20/2021,39.23463896,25.93592281,983.4270049,mist,6.036214629,9.682577246
Lahore,6/21/2021,19.25457816,89.88299508,1018.100631,rain,6.189155727,1.129205695
Lahore,6/22/2021,39.67977173,39.08381461,986.3837542,few clouds,9.870164862,7.901477565
Lahore,6/23/2021,29.83042709,58.2159215,998.5007699,rain,6.07133696,5.986952895
Lahore,6/24/2021,19.09660669,82.44510416,1034.43285,clear sky,2.851499171,4.939435336
Lahore,6/25/2021,28.63948425,36.61839995,1002.64962,broken clouds,5.555099217,7.758752579
Lahore,6/26/2021,23.48322019,71.30530976,1013.563054,rain,3.682037825,2.779137935
Lahore,6/27/2021,33.9856117,36.7290788,1008.105316,broken clouds,7.231788586,5.189167367
Lahore,6/28/2021,35.30461096,25.19350911,984.3880316,few clouds,9.664322036,8.356492403
Lahore,6/29/2021,30.70066169,48.32855308,996.8968047,few clouds,9.276537144,7.836358112
Lahore,6/30/2021,19.97246861,51.63334181,1020.811549,thunderstorm,2.2236286,5.453961769
Lahore,7/1/2021,34.7470913,59.083757,1002.278182,scattered clouds,7.048182998,6.335265016
Lahore,7/2/2021,39.20893081,38.37346345,985.8996477,clear sky,7.999539202,9.283617858
Lahore,7/3/2021,36.28778266,27.61535144,981.0790226,broken clouds,12.53350024,5.426022154
Lahore,7/4/2021,38.91899005,30.30844896,990.4154848,broken clouds,6.021210993,6.885634714
Lahore,7/5/2021,23.81222857,68.64477677,1032.664368,scattered clouds,1.320892978,1.065462478
Lahore,7/6/2021,40.33331055,37.64399557,997.0275441,rain,13.0120141,5.887361191
Lahore,7/7/2021,26.73264282,50.65805629,997.0631994,clear sky,4.282383167,6.152462856
Lahore,7/8/2021,19.32171554,61.1244499,1023.985648,clear sky,4.380224423,5.427808119
Lahore,7/9/2021,39.24139951,28.93682509,997.1176262,clear sky,14.70243452,8.16390155
Lahore,7/10/2021,41.60371046,28.57931951,988.1745186,clear sky,10.22890614,8.320690535
Lahore,7/11/2021,34.73339674,58.78005505,1017.964105,rain,4.311775124,3.519108026
Lahore,7/12/2021,24.55447913,57.01243642,1036.119141,few clouds,2.24483732,4.324302455
Lahore,7/13/2021,25.04186714,32.68729012,996.2440169,few clouds,8.764206535,5.271733587
Lahore,7/14/2021,30.19822896,56.41856496,997.768945,thunderstorm,5.461626392,6.257201158
Lahore,7/15/2021,40.54794591,37.93371979,983.60884,mist,12.23511359,6.630865548
Lahore,7/16/2021,22.59034375,84.86956352,1007.842174,shower rain,5.44145044,3.907429708
Lahore,7/17/2021,38.82336807,30.21953831,998.1572417,broken clouds,10.01182847,7.120346484
Lahore,7/18/2021,25.99126741,49.79233285,1017.934137,rain,8.482493691,5.793185277
Lahore,7/19/2021,38.40606807,31.26726095,981.0379448,scattered clouds,8.169030044,5.735447592
Lahore,7/20/2021,41.08650874,21.38895652,991.8720671,few clouds,10.16159647,6.979124268
Lahore,7/21/2021,29.25985293,47.87504691,1006.926947,shower rain,7.805907848,4.871393286
Lahore,7/22/2021,27.7612157,30.40842442,1001.716429,broken clouds,4.176512031,6.681972603
Lahore,7/23/2021,38.25331166,26.49974819,992.6339519,clear sky,7.736219674,8.53204757
Lahore,7/24/2021,31.70758918,57.96877728,1018.421035,broken clouds,7.564256224,7.544293424
Lahore,7/25/2021,35.42677716,26.08090539,983.4050977,mist,11.5536012,8.160277961
Lahore,7/26/2021,33.94790169,58.19479928,993.6123273,broken clouds,6.453118525,4.572735649
Lahore,7/27/2021,22.6693323,60.00535829,1001.335623,clear sky,5.569097497,4.916123316
Lahore,7/28/2021,39.27496865,26.29124481,987.2766662,broken clouds,9.82054902,7.484988218
Lahore,7/29/2021,23.69860267,75.13629986,1013.505139,rain,6.169255858,1.967466053
Lahore,7/30/2021,41.37477146,35.23253946,988.6163938,clear sky,12.35903431,8.737057342
Lahore,7/31/2021,25.01371099,45.04163304,1005.099301,few clouds,5.202864043,3.662656979
Lahore,8/1/2021,36.61314336,37.64231374,995.1564799,clear sky,8.952540085,5.890766656
Lahore,8/2/2021,25.83172944,31.20721265,1001.763402,few clouds,7.6738068,6.793779642
Lahore,8/3/2021,26.62684981,57.66584516,999.9183933,shower rain,9.261168332,6.85072347
Lahore,8/4/2021,26.44004447,35.889234,1014.806365,shower rain,4.250961129,6.953906344
Lahore,8/5/2021,36.9494141,37.6847749,996.9959334,clear sky,10.14663539,6.466625622
Lahore,8/6/2021,32.36356283,42.02589538,996.9829789,shower rain,3.831490949,7.332937287
Lahore,8/7/2021,40.19085894,36.65514112,986.2934365,clear sky,7.794551553,8.61334068
Lahore,8/8/2021,26.37694526,50.14996649,1014.753491,few clouds,7.801869515,7.169837048
Lahore,8/9/2021,35.60782053,23.51883265,981.5881649,broken clouds,5.777346352,8.543027424
Lahore,8/10/2021,37.07076639,38.3609514,986.5169356,broken clouds,11.62358582,7.897982294
Lahore,8/11/2021,22.63557071,59.82069562,1017.934004,rain,6.305677847,1.546973858
Lahore,8/12/2021,28.61414458,37.32420356,995.6121485,few clouds,9.785592037,6.55468106
Lahore,8/13/2021,30.58761986,54.4253669,995.3974259,clear sky,4.516425407,6.452303877
Lahore,8/14/2021,27.53649736,33.17619767,1002.745862,clear sky,8.242285696,4.562455666
Lahore,8/15/2021,26.7307023,36.66107719,1012.635652,clear sky,9.484593141,6.679098845
Lahore,8/16/2021,35.47407746,30.07355147,996.8046596,scattered clouds,5.913693108,7.752272767
Lahore,8/17/2021,24.18079354,83.21908115,1039.169404,mist,2.898165259,3.797031193
Lahore,8/18/2021,36.02537789,22.94967949,981.479681,clear sky,14.19409767,6.838023394
Lahore,8/19/2021,41.44106071,30.95336469,984.333644,clear sky,7.027874983,5.583925207
Lahore,8/20/2021,32.56474051,51.33721775,1012.698895,scattered clouds,9.536324787,4.084642289
Lahore,8/21/2021,33.67442168,55.81785674,1006.217961,clear sky,6.690344498,6.844158267
Lahore,8/22/2021,20.65438485,87.42262241,1013.107191,few clouds,0.699251578,2.357207752
Lahore,8/23/2021,39.74744569,35.69279829,984.1117932,few clouds,9.498773168,5.011265272
Lahore,8/24/2021,25.85074689,49.58485195,998.4143265,scattered clouds,5.283828368,7.985087106
Lahore,8/25/2021,33.76122797,43.00860256,1002.878669,clear sky,4.975429124,4.053411169
Lahore,8/26/2021,42.49869207,22.24220308,983.5430244,clear sky,10.41475576,8.276915744
Lahore,8/27/2021,33.29206241,51.29211578,1018.926779,clear sky,6.385148835,7.634610023
Lahore,8/28/2021,36.3930277,39.85474609,982.1517689,clear sky,9.819671596,7.998563673
Lahore,8/29/2021,29.68767084,52.10281784,1019.567323,clear sky,3.616992118,6.995153075
Lahore,8/30/2021,20.44878024,50.66844375,1033.675731,broken clouds,5.616227267,5.881858561
Lahore,8/31/2021,38.14238439,29.92519956,988.4630324,few clouds,9.814393154,9.30181713
Lahore,9/1/2021,19.83997219,74.5858653,1029.592653,few clouds,5.746340801,3.789520443
Lahore,9/2/2021,35.81578789,33.79348402,993.4303049,few clouds,13.24594642,6.818514652
Lahore,9/3/2021,19.55011776,78.78903342,1008.531477,clear sky,2.219947274,3.412322246
Lahore,9/4/2021,39.69532568,31.16216882,986.7814017,scattered clouds,5.043463038,9.209130841
Lahore,9/5/2021,22.78326486,58.93441331,1020.524903,scattered clouds,6.378719742,5.266773051
Lahore,9/6/2021,31.34251589,58.26601984,1009.135325,scattered clouds,8.324862852,7.229274612
Lahore,9/7/2021,33.33161691,50.89999403,1006.286849,mist,3.750763698,5.986122014
Lahore,9/8/2021,29.98108978,37.10520111,1004.189624,thunderstorm,7.912089238,5.384779589
Lahore,9/9/2021,27.17832374,39.66965497,1003.294568,mist,3.140162881,4.55669028
Lahore,9/10/2021,30.22754311,57.65783012,1004.947935,few clouds,3.194313485,3.016804276
Lahore,9/11/2021,26.47397809,56.6245556,1003.030546,scattered clouds,6.680762677,6.822426354
Lahore,9/12/2021,29.51493633,42.15439315,1006.239902,rain,3.672262005,4.3849914
Lahore,9/13/2021,27.61391178,31.14921666,1016.639559,thunderstorm,9.750355657,4.648389477
Lahore,9/14/2021,32.58891576,31.45492107,1008.984879,clear sky,9.256818587,7.217406124
Lahore,9/15/2021,24.71017989,61.35673164,1028.904835,mist,4.548684219,1.261255786
Lahore,9/16/2021,42.72775732,32.58244439,991.9496627,clear sky,5.637089708,9.638101657
Lahore,9/17/2021,31.02087888,47.52583906,1009.29053,shower rain,5.273846805,3.006809612
Lahore,9/18/2021,23.65988986,75.35311148,1023.133993,shower rain,2.602060985,5.695845574
Lahore,9/19/2021,30.44960199,51.51848916,990.8059957,clear sky,6.366158851,5.273792455
Lahore,9/20/2021,39.79396311,20.38064507,999.9919676,clear sky,6.68902874,5.510613126
Lahore,9/21/2021,19.52336303,54.20342381,1001.34437,few clouds,4.0425815,4.370806836
Lahore,9/22/2021,35.30929886,27.18966904,987.9029602,thunderstorm,9.357706479,9.479282129
Lahore,9/23/2021,32.15122712,34.64579993,993.1534703,shower rain,9.631078744,5.190364084
Lahore,9/24/2021,23.06939186,53.0128017,1003.877138,clear sky,6.553366607,4.45678952
Lahore,9/25/2021,38.61943454,32.81928792,995.870539,clear sky,10.65473955,9.896813601
Lahore,9/26/2021,27.85323094,54.46009432,1002.777773,shower rain,7.510445352,4.203504119
Lahore,9/27/2021,26.05124869,52.57879972,1014.034161,scattered clouds,3.964575274,7.102247285
Lahore,9/28/2021,38.8750046,36.34079557,985.4557294,clear sky,7.233232388,6.476185547
Lahore,9/29/2021,34.32460111,49.97569632,997.6938838,few clouds,9.305007829,5.131688
Lahore,9/30/2021,40.55821801,34.70690644,985.0246276,few clouds,11.99165923,6.408829342
Lahore,10/1/2021,34.11720889,38.15336323,1008.484369,few clouds,4.326011381,5.230058742
Lahore,10/2/2021,36.77962379,39.86016073,996.2999878,clear sky,10.70210306,5.025445162
Lahore,10/3/2021,39.07470151,23.66331309,989.0452202,clear sky,14.3476125,6.517194237
Lahore,10/4/2021,20.31375126,58.57975498,1015.169956,clear sky,2.416197743,3.22647032
Lahore,10/5/2021,37.62517501,25.77843664,999.4715911,scattered clouds,6.858203755,8.161200919
Lahore,10/6/2021,33.72895556,59.2599729,993.5026211,clear sky,9.594176938,6.186806956
Lahore,10/7/2021,20.66818712,89.53154357,1019.465307,clear sky,3.228857522,3.918928092
Lahore,10/8/2021,31.20587012,53.84681249,1002.254633,clear sky,5.920693991,4.465159148
Lahore,10/9/2021,20.97899387,75.16230394,1003.925064,clear sky,1.872970399,5.73702158
Lahore,10/10/2021,36.66273284,30.4012515,985.3640072,clear sky,13.91585295,6.959849119
Lahore,10/11/2021,32.11604113,59.11862537,990.8532364,clear sky,8.919317368,4.084469706
Lahore,10/12/2021,41.8857649,33.91245606,997.5390858,mist,9.029903994,7.772564698
Lahore,10/13/2021,23.39524892,87.78920513,1024.313981,broken clouds,0.214292959,4.744643349
Lahore,10/14/2021,33.54480286,39.49652398,1014.450555,shower rain,6.126560014,3.061167864
Lahore,10/15/2021,24.07797123,63.35099169,1020.862178,shower rain,1.266006116,2.381720037
Lahore,10/16/2021,33.73755963,55.64173782,1007.985295,scattered clouds,3.999138491,7.124889263
Lahore,10/17/2021,36.34359286,22.99709841,994.0170896,clear sky,8.930936119,7.535105467
Lahore,10/18/2021,36.3353039,38.91855723,998.1602325,rain,5.990769373,7.042441523
Lahore,10/19/2021,38.56177578,30.14948709,981.8350378,rain,14.57464507,9.654506398
Lahore,10/20/2021,39.48520547,38.52827757,986.6189679,clear sky,5.475391818,5.447675486
Lahore,10/21/2021,20.85452143,63.47171155,1028.361048,scattered clouds,2.809587392,4.077851004
Lahore,10/22/2021,27.23841177,51.47876712,1018.750517,broken clouds,4.138918914,4.710943581
Lahore,10/23/2021,35.49094049,29.65750244,999.6161486,clear sky,11.88811322,5.354116991
Lahore,10/24/2021,30.9660709,48.80410891,1009.14309,scattered clouds,3.551680145,4.068722543
Lahore,10/25/2021,23.57622272,70.17489973,1007.743939,shower rain,3.827639019,4.139666065
Lahore,10/26/2021,32.26502968,59.01346852,993.5762673,broken clouds,8.411710466,3.141384669
Lahore,10/27/2021,28.77845567,50.76316193,1018.381309,shower rain,9.650418845,5.961244077
Lahore,10/28/2021,28.36091866,37.53956906,1003.017831,clear sky,7.889692941,7.784252106
Lahore,10/29/2021,38.43408922,38.19353844,983.8963207,clear sky,5.994917576,8.975480312
Lahore,10/30/2021,28.78236001,38.82089214,1018.016775,few clouds,3.619643848,4.727985397
Lahore,10/31/2021,19.63490813,64.86420397,1004.180971,few clouds,5.12118634,1.691038232
Lahore,11/1/2021,20.39352013,54.08494792,1029.182844,rain,1.507305835,3.32532217
Lahore,11/2/2021,39.549857,37.9993304,992.5052606,broken clouds,9.472393086,6.964752181
Lahore,11/3/2021,42.05441944,25.72224046,981.7546933,few clouds,14.76621101,9.8586648
Lahore,11/4/2021,35.52182407,25.17835236,986.7749759,broken clouds,13.19906798,9.949340273
Lahore,11/5/2021,27.74483906,57.60787794,994.4979207,thunderstorm,8.926153501,5.052923282
Lahore,11/6/2021,41.52640758,36.11053725,992.0899719,clear sky,13.60769905,5.743919918
Lahore,11/7/2021,34.90727407,34.23236765,1004.313391,rain,7.336817381,7.553047748
Lahore,11/8/2021,39.26400518,35.38649008,980.0855025,broken clouds,12.43933924,8.967711378
Lahore,11/9/2021,37.3804553,38.26066196,999.5142113,few clouds,8.589609146,7.556371033
Lahore,11/10/2021,28.09934358,32.35533655,1000.487539,clear sky,9.989123586,4.826773215
Lahore,11/11/2021,30.48885282,54.75644985,997.7461318,mist,4.957355188,5.240829138
Lahore,11/12/2021,23.4671717,71.89680207,1008.897718,shower rain,4.130051823,5.509405877
Lahore,11/13/2021,26.00833841,50.07592348,994.7644769,scattered clouds,4.974431748,3.923217239
Lahore,11/14/2021,37.67501587,29.85708678,999.9827415,clear sky,6.120710506,9.033917606
Lahore,11/15/2021,40.45548141,33.9560617,985.9021894,few clouds,10.67585815,5.090953164
Lahore,11/16/2021,36.38705016,20.68195723,988.1102699,clear sky,8.533486709,9.602859966
Lahore,11/17/2021,30.16416872,52.8812017,1016.140677,rain,7.082534873,5.501486398
Lahore,11/18/2021,21.07622245,51.33374791,1025.6755,shower rain,3.910749337,2.133739132
Lahore,11/19/2021,20.36675077,68.21199391,1014.747776,shower rain,3.795797104,1.014282514
Lahore,11/20/2021,27.98381355,34.52894979,1016.949853,rain,3.863107854,5.797732344
Lahore,11/21/2021,30.13172125,54.70722832,1012.491726,thunderstorm,6.08126542,4.222439353
Lahore,11/22/2021,33.61889493,39.40982728,996.8370152,clear sky,8.684027576,6.15632168
Lahore,11/23/2021,19.15574851,68.16374178,1025.74956,scattered clouds,2.206004469,2.405846407
Lahore,11/24/2021,42.75334937,28.57501483,998.44797,few clouds,9.438315053,5.440120146
Lahore,11/25/2021,27.7345332,53.17505897,1004.893826,few clouds,6.456821132,5.525258149
Lahore,11/26/2021,39.35427193,29.6228872,994.6722481,clear sky,13.62731313,7.822428681
Lahore,11/27/2021,31.83920094,53.66875005,1019.133112,scattered clouds,7.589198385,5.262950128
Lahore,11/28/2021,22.13054691,52.94033107,1027.616566,shower rain,0.701417744,3.290177772
Lahore,11/29/2021,38.14157326,23.83187936,982.0487738,clear sky,13.65170986,7.94825064
Lahore,11/30/2021,36.0358498,31.03068499,984.891191,clear sky,13.32065975,7.631767547
Lahore,12/1/2021,12.49384953,87.88353299,1023.803857,few clouds,5.275521864,1.662837694
Lahore,12/2/2021,12.26195564,52.99031387,1011.022233,clear sky,3.262406128,1.985428232
Lahore,12/3/2021,4.574632904,51.72336865,1038.301668,shower rain,5.302817684,1.708955207
Lahore,12/4/2021,14.80528107,56.262027,1016.214081,mist,3.351194438,4.466477911
Lahore,12/5/2021,19.4024128,75.64612515,1018.289216,shower rain,5.15636474,3.642992061
Lahore,12/6/2021,4.678408546,65.95971667,1028.064084,thunderstorm,6.160771155,3.149275618
Lahore,12/7/2021,7.743206112,83.02209518,1020.969989,broken clouds,6.233791096,4.991694976
Lahore,12/8/2021,19.24154352,52.87732606,1015.285839,mist,3.182050019,2.628973299
Lahore,12/9/2021,8.118190377,57.85656347,1003.065515,mist,6.015398755,3.840533315
Lahore,12/10/2021,14.7709861,62.00105622,1023.857824,rain,0.710201664,1.372038007
Lahore,12/11/2021,12.62672697,75.06920347,1034.703201,clear sky,0.712735922,4.722020419
Lahore,12/12/2021,13.73389689,77.40690761,1027.430498,thunderstorm,3.837868628,4.475962224
Lahore,12/13/2021,10.48420023,54.96813176,1015.2598,broken clouds,4.562912329,5.011898146
Lahore,12/14/2021,8.39984647,87.75218836,1005.109043,rain,1.070956432,5.42237979
Lahore,12/15/2021,3.873602113,63.64176541,1032.653527,rain,3.305260314,4.790141336
Lahore,12/16/2021,16.39705691,78.52675052,1037.669934,clear sky,0.660538675,5.222449451
Lahore,12/17/2021,16.42968232,70.96830876,1015.53092,mist,4.214696399,2.728272995
Lahore,12/18/2021,15.07306332,58.91032454,1029.145688,rain,5.985658257,2.71668681
Lahore,12/19/2021,14.58540819,83.84913292,1016.430538,scattered clouds,5.163472832,5.721504099
Lahore,12/20/2021,7.386908379,82.72952113,1020.090678,shower rain,2.648040867,5.572872682
Lahore,12/21/2021,3.402208808,65.84287416,1033.459055,rain,6.956556576,3.742486706
Lahore,12/22/2021,17.55687714,73.54430343,1003.336974,broken clouds,4.640544835,2.832793926
Lahore,12/23/2021,11.84049364,60.31302784,1021.213414,broken clouds,5.706739041,5.330007651
Lahore,12/24/2021,8.523086353,77.59406515,1008.584811,few clouds,4.687881711,2.617055662
Lahore,12/25/2021,4.834774322,62.3610725,1013.592238,few clouds,6.925914038,1.768175414
Lahore,12/26/2021,4.128988636,83.76314938,1025.777153,broken clouds,5.749518371,4.197463375
Lahore,12/27/2021,9.279600992,58.69540417,1001.089136,shower rain,3.635962525,1.213109049
Lahore,12/28/2021,17.48526717,50.59213691,1023.753004,scattered clouds,2.56815694,2.895509531
Lahore,12/29/2021,19.53702749,60.74032168,1011.33769,few clouds,4.775083804,5.038319078
Lahore,12/30/2021,19.14152456,57.64209946,1026.779374,few clouds,4.131552662,2.476080978
Lahore,12/31/2021,19.56001503,70.33145759,1005.663254,thunderstorm,4.405454137,5.656577395
Lahore,1/1/2022,19.33905618,58.14813167,1029.432464,mist,2.401082364,5.779123333
Lahore,1/2/2022,12.49004553,80.52759483,1025.825589,mist,3.001098944,5.079081504
Lahore,1/3/2022,6.949481494,59.65482552,1038.849673,clear sky,3.906676024,5.938216595
Lahore,1/4/2022,17.36483849,78.2787272,1036.449415,shower rain,5.874983813,3.653820558
Lahore,1/5/2022,6.846833547,73.13883692,1011.332115,clear sky,5.340362424,3.845997761
Lahore,1/6/2022,7.809730982,89.44999426,1001.092663,broken clouds,0.830591094,5.180834076
Lahore,1/7/2022,7.198577793,89.99603908,1026.214742,clear sky,1.71887975,3.464026279
Lahore,1/8/2022,12.26968327,84.78104333,1024.115496,shower rain,0.186604075,3.033600034
Lahore,1/9/2022,8.792895147,80.39933477,1001.097151,scattered clouds,0.055723976,4.073767956
Lahore,1/10/2022,5.774808893,65.45825656,1004.907101,few clouds,1.570628285,4.288297554
Lahore,1/11/2022,11.15712141,80.13106909,1023.388068,few clouds,5.595246636,4.754479108
Lahore,1/12/2022,18.7303303,88.26702148,1036.473091,rain,6.333233607,4.341003486
Lahore,1/13/2022,13.26995139,50.93510302,1036.260011,mist,2.742378561,4.728608976
Lahore,1/14/2022,18.81004091,71.51658801,1006.059402,scattered clouds,3.942390176,4.372798354
Lahore,1/15/2022,6.525699331,58.71993218,1015.382958,scattered clouds,4.942368214,3.402226193
Lahore,1/16/2022,6.005529726,72.31505263,1001.728115,rain,6.670556895,1.674672922
Lahore,1/17/2022,13.36038826,68.65788359,1018.770874,clear sky,6.390525661,4.927216145
Lahore,1/18/2022,11.33992023,73.03074326,1030.123338,clear sky,0.400346124,1.153895757
Lahore,1/19/2022,14.88310755,72.03848886,1031.598908,thunderstorm,1.737160902,5.962500459
Lahore,1/20/2022,17.30328224,88.40428157,1019.959579,mist,0.344011808,5.14229245
Lahore,1/21/2022,16.52353132,72.08744436,1003.834787,rain,4.315796947,4.35455304
Lahore,1/22/2022,19.96070113,83.84928352,1015.254559,few clouds,4.973453215,5.833033859
Lahore,1/23/2022,10.16861536,62.79281147,1037.284078,clear sky,2.157983886,4.062351407
Lahore,1/24/2022,6.71496136,67.52402755,1009.184502,shower rain,5.976963357,1.282164404
Lahore,1/25/2022,12.91642752,68.81653904,1012.790178,few clouds,3.169689253,3.79691087
Lahore,1/26/2022,4.993376163,61.14912173,1029.873087,clear sky,6.988670606,2.386020928
Lahore,1/27/2022,8.19932022,65.19161046,1029.343232,thunderstorm,0.002797848,2.84738764
Lahore,1/28/2022,6.741984995,73.94052318,1036.488092,scattered clouds,0.766427959,3.297925779
Lahore,1/29/2022,10.1381469,73.20751053,1015.524748,scattered clouds,2.112552701,4.873003732
Lahore,1/30/2022,5.00189835,75.45741378,1020.583949,clear sky,0.178553186,3.514646072
Lahore,1/31/2022,3.573151402,64.07271662,1018.695698,mist,5.476376204,3.373401454
Lahore,2/1/2022,14.82229208,62.63325981,1037.110087,rain,0.369402515,2.509860689
Lahore,2/2/2022,13.98448161,74.46471531,1030.773224,clear sky,5.242857433,3.699361209
Lahore,2/3/2022,15.75046085,55.31446994,1033.257671,shower rain,0.367979212,2.241954272
Lahore,2/4/2022,14.88695592,60.12126174,1005.323931,rain,1.769090853,2.304969077
Lahore,2/5/2022,5.057304261,51.68510948,1031.673868,mist,5.88893771,4.786293876
Lahore,2/6/2022,8.239419865,52.9044341,1017.319151,thunderstorm,6.65766706,2.712736323
Lahore,2/7/2022,5.331478978,59.73533117,1000.933547,few clouds,2.901684399,1.256998365
Lahore,2/8/2022,18.17350324,50.78117121,1002.403534,thunderstorm,6.78957275,2.718386429
Lahore,2/9/2022,16.4442658,59.81642368,1027.116318,clear sky,4.388166466,4.192861039
Lahore,2/10/2022,6.627486053,76.19905292,1014.880498,clear sky,2.910845857,5.069927933
Lahore,2/11/2022,9.143566329,52.44428314,1034.724623,scattered clouds,5.619609408,5.809683407
Lahore,2/12/2022,20.39906986,67.46946711,1029.370925,broken clouds,2.067299641,4.731102107
Lahore,2/13/2022,13.69486844,86.52435148,1000.8672,scattered clouds,1.86057383,3.144258047
Lahore,2/14/2022,17.42080075,81.65139316,1027.475532,rain,4.595833738,2.495596396
Lahore,2/15/2022,7.762638626,62.21750009,1007.694099,mist,2.733411534,1.648149951
Lahore,2/16/2022,6.780952563,86.99221917,1016.903303,clear sky,0.951426189,4.138432172
Lahore,2/17/2022,17.11050472,63.18585987,1024.989408,clear sky,0.468749647,3.549416571
Lahore,2/18/2022,15.34570419,52.90061985,1034.908714,rain,5.514898034,4.388507582
Lahore,2/19/2022,15.25760273,89.76223827,1018.243916,clear sky,4.731375123,2.185665782
Lahore,2/20/2022,12.94742247,84.80090109,1032.339618,clear sky,2.882587572,2.618220841
Lahore,2/21/2022,13.14441017,68.63731133,1031.318627,clear sky,6.273593446,2.460476747
Lahore,2/22/2022,16.2425551,76.65506097,1016.581541,thunderstorm,2.875997267,4.988259211
Lahore,2/23/2022,7.86004466,76.84912311,1020.039207,mist,4.9720683,1.856149074
Lahore,2/24/2022,9.349832385,57.77928923,1028.0194,few clouds,6.363806926,4.042360585
Lahore,2/25/2022,18.68946187,58.00194533,1001.245937,clear sky,5.885008211,1.256775079
Lahore,2/26/2022,8.559573618,68.78322813,1035.632457,clear sky,3.577733434,3.74763788
Lahore,2/27/2022,12.83357228,86.46292561,1030.792646,few clouds,4.764454747,1.319569879
Lahore,2/28/2022,15.64751035,50.39975099,1009.976635,clear sky,2.895660437,1.879382954
Lahore,3/1/2022,42.99819584,35.65011272,999.6235991,rain,11.47197172,5.56512651
Lahore,3/2/2022,29.44699196,31.72580351,995.3817106,broken clouds,4.802867068,4.733626769
Lahore,3/3/2022,29.27422904,44.34666345,1017.4226,scattered clouds,6.043194796,4.718657089
Lahore,3/4/2022,39.22212111,32.75745666,986.4894692,scattered clouds,7.095457376,9.132096404
Lahore,3/5/2022,38.33207467,33.73518534,995.2629342,clear sky,5.381849527,6.128437257
Lahore,3/6/2022,36.54582116,21.16958527,989.1275319,broken clouds,10.88539851,5.431933709
Lahore,3/7/2022,30.1175113,42.55810852,1012.094022,few clouds,9.051005417,6.017558954
Lahore,3/8/2022,26.77453888,47.51511782,994.6734914,rain,3.179047922,6.437253498
Lahore,3/9/2022,33.60953158,31.98136612,998.0851938,scattered clouds,4.372208185,4.47411808
Lahore,3/10/2022,40.02935904,22.70189113,981.9971565,broken clouds,9.601850593,8.014070582
Lahore,3/11/2022,40.210659,33.27297979,997.3028796,mist,11.65896817,8.88028284
Lahore,3/12/2022,21.60396028,70.86552786,1011.85172,broken clouds,1.198604356,2.737764695
Lahore,3/13/2022,29.28040681,34.85485984,1010.834287,clear sky,3.396863803,5.6267692
Lahore,3/14/2022,30.15332695,46.05718011,1014.606636,thunderstorm,6.633341024,3.733166368
Lahore,3/15/2022,42.46276882,38.25384747,998.0283647,clear sky,13.18709713,5.118234005
Lahore,3/16/2022,35.27195237,20.3117517,982.1259423,few clouds,5.352349093,9.906839874
Lahore,3/17/2022,28.77391401,49.2790132,1016.790448,thunderstorm,5.445586153,4.498654253
Lahore,3/18/2022,19.62538926,52.94601738,1007.890111,broken clouds,4.6446032,2.394510254
Lahore,3/19/2022,32.56924384,30.19348329,1012.10706,shower rain,3.915194043,7.866225666
Lahore,3/20/2022,21.30582342,56.02617955,1029.153961,mist,1.651627438,4.641167619
Lahore,3/21/2022,39.02679898,28.45813264,980.1700628,clear sky,10.35492644,7.92648944
Lahore,3/22/2022,37.06044785,36.04687998,984.4124782,clear sky,14.53231696,8.496616975
Lahore,3/23/2022,30.05221984,38.4535649,1004.757255,thunderstorm,5.011398328,6.549632833
Lahore,3/24/2022,29.30105871,48.77019637,1002.601041,few clouds,6.412691949,6.816679401
Lahore,3/25/2022,40.53613517,28.22313276,998.3714696,scattered clouds,8.999308631,5.335946157
Lahore,3/26/2022,25.92300041,37.02995376,1000.792226,mist,9.281776704,5.064157099
Lahore,3/27/2022,24.97647909,70.56988457,1037.479349,shower rain,0.503229048,2.475651589
Lahore,3/28/2022,41.54073839,35.94928981,989.1885864,clear sky,10.66147591,5.352848193
Lahore,3/29/2022,38.42190008,36.6498474,999.2870579,clear sky,13.46119699,7.062994984
Lahore,3/30/2022,38.69501423,36.93039064,994.7470962,clear sky,14.88117577,8.080867427
Lahore,3/31/2022,23.68465154,63.5423125,1033.173384,thunderstorm,4.891078483,1.8924884
Lahore,4/1/2022,22.43910379,81.73824259,1004.195076,broken clouds,2.65954833,2.525133719
Lahore,4/2/2022,19.6247092,58.4871382,1023.445657,rain,2.882770468,4.19585411
Lahore,4/3/2022,24.68899621,79.53700405,1005.708014,few clouds,2.461775538,3.896623288
Lahore,4/4/2022,37.5805718,38.96768853,985.95242,scattered clouds,11.036131,9.343927316
Lahore,4/5/2022,24.76092205,50.54975339,1024.942616,rain,5.175840395,4.956154848
Lahore,4/6/2022,36.49847881,28.80727862,994.5245141,clear sky,13.19467564,9.828055261
Lahore,4/7/2022,25.04579837,49.43312965,991.1755135,thunderstorm,5.916151768,5.985966551
Lahore,4/8/2022,28.48701995,51.05327311,1005.928312,scattered clouds,8.016959516,6.492336832
Lahore,4/9/2022,42.59589496,23.52175517,991.3062797,clear sky,14.16222592,9.302531294
Lahore,4/10/2022,24.87548155,88.88733101,1003.15312,shower rain,6.445773561,5.199962224
Lahore,4/11/2022,28.03289506,48.45796104,1005.020641,scattered clouds,7.928203019,6.59360821
Lahore,4/12/2022,26.22609233,34.93021804,1011.415268,clear sky,7.45831535,5.501281047
Lahore,4/13/2022,21.63099967,50.82090047,1002.129091,clear sky,3.720682529,2.366034441
Lahore,4/14/2022,30.75745941,53.49792596,1012.808033,clear sky,4.282383677,7.38607877
Lahore,4/15/2022,28.08857592,32.39114218,1007.292795,rain,3.865407568,6.883277211
Lahore,4/16/2022,35.67729006,22.82101842,996.6645442,scattered clouds,9.857110068,9.18953476
Lahore,4/17/2022,38.62226913,31.49660054,984.3612515,scattered clouds,6.594441562,5.703946591
Lahore,4/18/2022,32.06199315,48.1051651,1014.998211,mist,7.03899948,4.574064391
Lahore,4/19/2022,19.77271413,77.47548474,1003.782439,shower rain,4.519919112,3.124425189
Lahore,4/20/2022,33.85413655,41.80542038,1002.114891,rain,6.679309183,7.191759862
Lahore,4/21/2022,20.32937752,80.95594676,1007.979392,few clouds,0.254986988,5.464433364
Lahore,4/22/2022,33.79255177,59.23075799,1016.280625,few clouds,3.404095712,4.424463571
Lahore,4/23/2022,35.44071878,25.42189886,994.0983963,clear sky,6.133411847,8.432145836
Lahore,4/24/2022,23.74642306,78.12114466,1001.014471,thunderstorm,1.075520635,1.389071031
Lahore,4/25/2022,38.66430757,38.56937305,980.1904671,clear sky,14.89882614,7.04786636
Lahore,4/26/2022,40.86604316,33.72573525,985.8249851,mist,8.444950169,7.433345539
Lahore,4/27/2022,38.51408714,33.62218997,982.8656623,mist,7.919733736,8.828164074
Lahore,4/28/2022,26.32262057,36.71317707,1008.909134,few clouds,3.36586645,7.459861184
Lahore,4/29/2022,33.0794323,46.05390601,1009.913908,broken clouds,7.447242735,4.686416179
Lahore,4/30/2022,40.95556358,31.25045687,998.8390181,few clouds,11.52190785,7.63869445
Lahore,5/1/2022,26.69595343,51.00388687,1018.561198,thunderstorm,4.228140827,6.237241112
Lahore,5/2/2022,38.68066773,39.936429,993.1779341,clear sky,14.19241541,6.643436145
Lahore,5/3/2022,19.22740315,51.3457529,1000.227005,mist,5.603454826,5.927691066
Lahore,5/4/2022,19.08752087,52.60930645,1014.359917,few clouds,1.612235218,5.378871898
Lahore,5/5/2022,37.23307985,21.55900139,990.2628303,clear sky,9.858497309,6.482014144
Lahore,5/6/2022,37.27474197,34.85958269,989.9835951,clear sky,9.583908562,7.539731155
Lahore,5/7/2022,37.93545251,22.7270759,992.0668126,clear sky,8.485204443,6.154203066
Lahore,5/8/2022,41.32064411,32.44903749,999.2110297,clear sky,13.17634713,7.572519595
Lahore,5/9/2022,21.82975148,62.98675512,1035.407708,shower rain,0.764851399,4.416661724
Lahore,5/10/2022,24.56763964,68.29279825,1004.356321,rain,2.907199679,1.427605464
Lahore,5/11/2022,40.68939809,24.3132632,985.3196078,broken clouds,9.280311305,9.350586024
Lahore,5/12/2022,23.25366875,84.64426245,1033.324377,mist,3.281079232,3.968729342
Lahore,5/13/2022,35.37350242,31.72300648,996.4861382,clear sky,13.61349991,9.948014493
Lahore,5/14/2022,31.731112,58.33689791,998.2611217,clear sky,4.527168091,3.127957536
Lahore,5/15/2022,20.99664824,72.98384999,1029.223521,rain,0.720462215,5.157491755
Lahore,5/16/2022,25.84632789,33.71724092,1010.161121,clear sky,7.32465924,6.959815241
Lahore,5/17/2022,31.48893319,35.12611302,1004.205719,mist,4.216841325,3.66426256
Lahore,5/18/2022,39.4564028,39.78147953,984.0290991,clear sky,5.749320859,6.676528175
Lahore,5/19/2022,35.98092375,34.51130395,997.7728636,clear sky,9.266492206,9.423981015
Lahore,5/20/2022,33.92519587,31.4783625,1010.335536,scattered clouds,4.537525016,5.592271475
Lahore,5/21/2022,30.90478936,51.11343015,995.0697877,thunderstorm,5.528516332,5.006407437
Lahore,5/22/2022,26.16841561,42.3651914,1011.14407,clear sky,4.817977561,7.527482161
Lahore,5/23/2022,21.86187787,62.28833547,1029.657349,broken clouds,0.648455239,1.466722622
Lahore,5/24/2022,28.81782483,34.62182381,1016.606409,broken clouds,6.92243042,5.365613915
Lahore,5/25/2022,19.68444385,83.59615818,1008.91357,rain,0.189128926,4.26187049
Lahore,5/26/2022,24.06534134,52.55365516,1039.550164,thunderstorm,6.764627436,4.042707195
Lahore,5/27/2022,29.37960102,38.69506387,994.6018027,mist,5.389313652,4.321382272
Lahore,5/28/2022,29.04652446,39.19148681,1008.020667,shower rain,7.866102573,5.816564523
Lahore,5/29/2022,20.06309034,56.43621136,1026.28706,few clouds,5.672540108,4.542808821
Lahore,5/30/2022,33.13744368,45.2455465,1002.568587,shower rain,4.953733569,5.924427037
Lahore,5/31/2022,32.19242214,30.3510788,1004.251131,thunderstorm,8.241170964,6.42231113
Lahore,6/1/2022,20.8745033,62.03902062,1035.636404,rain,5.826945988,2.280393697
Lahore,6/2/2022,41.63591326,38.67258888,992.9054846,scattered clouds,7.413172338,9.164244751
Lahore,6/3/2022,21.38518669,62.42118277,1019.880038,shower rain,6.947462738,3.248447685
Lahore,6/4/2022,39.51601963,27.20918774,982.5669912,scattered clouds,5.206886828,9.936119221
Lahore,6/5/2022,19.00743357,68.92660193,1000.293505,scattered clouds,1.519003362,1.116426603
Lahore,6/6/2022,40.17474628,31.2338675,982.4993724,clear sky,12.80020756,6.901576856
Lahore,6/7/2022,19.47327357,82.34834579,1038.247383,broken clouds,1.358917175,1.902375262
Lahore,6/8/2022,37.18748877,23.80642446,995.2817357,broken clouds,11.98259863,7.778047635
Lahore,6/9/2022,27.68057947,56.15239132,1019.01349,few clouds,8.988712835,4.216025472
Lahore,6/10/2022,36.7172032,35.15098714,980.7141742,clear sky,14.59214273,8.687389733
Lahore,6/11/2022,28.64188493,51.67951004,1010.406612,rain,6.319732608,7.409329312
Lahore,6/12/2022,20.70179014,53.47218295,1001.771741,mist,6.797763861,2.054421768
Lahore,6/13/2022,37.42016069,20.4328138,995.6411294,clear sky,9.116222967,5.803388092
Lahore,6/14/2022,20.71006445,73.76050804,1015.238007,rain,1.526896278,5.376785929
Lahore,6/15/2022,41.13089046,37.26267925,981.9153072,few clouds,10.13921853,6.806359575
Lahore,6/16/2022,20.22337686,73.37765857,1022.721866,rain,4.54876271,3.172918175
Lahore,6/17/2022,30.50380667,36.39704596,998.4036059,rain,6.205743212,4.104847512
Lahore,6/18/2022,36.35282634,21.81039796,993.1914788,clear sky,10.66972444,7.12657434
Lahore,6/19/2022,28.43791516,50.98789358,1009.745243,clear sky,5.914864314,4.156500365
Lahore,6/20/2022,24.21360339,78.87081109,1028.200299,clear sky,3.673333678,4.329637203
Lahore,6/21/2022,37.21818307,23.45063401,999.8493016,clear sky,14.52595672,7.494382062
Lahore,6/22/2022,37.82307291,20.56380631,987.7339542,scattered clouds,9.998311525,8.94030223
Lahore,6/23/2022,41.14467961,28.16567026,989.3063095,broken clouds,7.531796328,6.56364058
Lahore,6/24/2022,28.02796265,47.48156106,1014.138351,mist,8.311226351,5.527975077
Lahore,6/25/2022,31.15004163,51.18007229,1007.351101,shower rain,5.363091204,4.297616615
Lahore,6/26/2022,27.71508263,54.29835027,991.1177163,shower rain,8.713450196,7.672369651
Lahore,6/27/2022,25.16996372,48.31612282,1015.292356,few clouds,3.397893923,5.609678339
Lahore,6/28/2022,37.02479108,22.21761217,981.0299736,clear sky,8.321779771,5.867312482
Lahore,6/29/2022,27.15164428,50.47745016,995.1246041,broken clouds,3.660519358,4.363828296
Lahore,6/30/2022,29.27558661,59.52529929,993.062399,thunderstorm,3.59722477,3.414509821
Lahore,7/1/2022,28.68816778,57.16753754,992.337814,broken clouds,7.608726914,3.139079978
Lahore,7/2/2022,36.10386942,37.43337819,980.5136975,broken clouds,8.853348014,7.62960913
Lahore,7/3/2022,41.02709503,26.04340307,981.1005543,clear sky,13.71478942,6.685614613
Lahore,7/4/2022,35.00214547,35.01576353,988.8487838,broken clouds,10.16405138,9.818867276
Lahore,7/5/2022,30.31798231,55.53310338,997.5855681,thunderstorm,5.067402548,3.856656982
Lahore,7/6/2022,37.70092275,33.56652409,982.5307377,mist,12.20888888,8.969563264
Lahore,7/7/2022,34.38331178,37.5168527,1009.761166,clear sky,7.368117541,4.579857211
Lahore,7/8/2022,20.45464857,88.15335887,1009.044476,clear sky,5.597162346,2.11768693
Lahore,7/9/2022,21.29592607,68.03277646,1000.757966,scattered clouds,4.505117934,5.848184095
Lahore,7/10/2022,19.91000666,55.19222235,1016.736791,broken clouds,1.16909392,5.012882994
Lahore,7/11/2022,29.96359183,33.29333685,999.3129898,broken clouds,7.692170264,6.153104457
Lahore,7/12/2022,38.82048242,32.95037975,986.3720886,clear sky,8.915491976,8.485605186
Lahore,7/13/2022,26.51399606,43.13128939,1003.358101,rain,6.242001212,7.956907374
Lahore,7/14/2022,28.21984439,32.83451626,1010.067418,clear sky,9.45095203,5.966037044
Lahore,7/15/2022,40.8274506,34.80729144,992.3295824,clear sky,8.599640463,5.509502254
Lahore,7/16/2022,39.08568269,35.98650335,998.7452322,clear sky,11.11959143,5.324330634
Lahore,7/17/2022,34.9611547,51.76246892,1005.5315,thunderstorm,5.544372134,6.333033887
Lahore,7/18/2022,25.40329077,36.06782633,1004.177097,scattered clouds,3.663092398,6.28800572
Lahore,7/19/2022,21.80899558,77.59101824,1008.536577,broken clouds,3.174677394,4.740868965
Lahore,7/20/2022,19.38541174,50.42891212,1030.215252,few clouds,4.179430531,1.543893651
Lahore,7/21/2022,21.56825614,62.20448559,1005.631031,clear sky,2.852523044,5.724511374
Lahore,7/22/2022,26.02231465,41.96464594,1004.733987,clear sky,5.734663293,5.75579207
Lahore,7/23/2022,32.24296153,55.05740847,1002.639666,shower rain,8.742649597,6.247777605
Lahore,7/24/2022,20.53600199,65.61577492,1026.332035,scattered clouds,0.207796206,1.174261917
Lahore,7/25/2022,22.26946668,50.45077785,1036.704859,shower rain,2.069097777,5.804871073
Lahore,7/26/2022,23.34593686,64.09385647,1037.863824,thunderstorm,5.682300858,3.812959244
Lahore,7/27/2022,34.16757023,44.96772295,995.033978,mist,9.44371104,5.816815565
Lahore,7/28/2022,33.77895518,58.4701436,997.8545165,thunderstorm,5.886097101,7.717776581
Lahore,7/29/2022,32.21837743,58.23102911,1014.34906,scattered clouds,9.221559702,7.646750891
Lahore,7/30/2022,25.01203419,35.42622115,1005.548393,scattered clouds,4.392510855,4.101492959
Lahore,7/31/2022,27.90687259,35.55439625,1003.591037,rain,4.549989475,7.65549411
Lahore,8/1/2022,21.32055319,56.53525826,1028.425018,few clouds,5.923339636,4.683106447
Lahore,8/2/2022,24.43505449,81.5568773,1024.076998,thunderstorm,6.322804189,1.094503637
Lahore,8/3/2022,40.54492544,20.12044081,999.4142811,mist,7.22805768,6.199215744
Lahore,8/4/2022,42.51260191,22.54354396,991.679493,scattered clouds,5.5932419,7.064900727
Lahore,8/5/2022,34.54383006,46.13878895,1003.979215,clear sky,3.632268959,5.914112278
Lahore,8/6/2022,41.00375901,24.95124134,990.8563472,clear sky,7.613808354,8.506648652
Lahore,8/7/2022,34.42580561,32.77069375,1014.256195,rain,8.33014354,4.05105197
Lahore,8/8/2022,19.79671567,64.39512049,1024.507002,clear sky,3.569942795,5.183502571
Lahore,8/9/2022,42.92230204,25.4841521,992.9409618,few clouds,9.555888422,9.228576619
Lahore,8/10/2022,21.37485524,70.44417226,1038.857555,clear sky,4.088979518,4.174994096
Lahore,8/11/2022,35.38340323,39.58467188,992.3679097,shower rain,13.90223113,9.605469553
Lahore,8/12/2022,25.06806887,33.7291391,1001.408557,mist,3.633012657,7.064912134
Lahore,8/13/2022,28.40754671,41.18180115,1010.739781,mist,7.863068893,4.108118296
Lahore,8/14/2022,34.50242044,57.95955054,1009.783782,few clouds,9.48753592,6.993384332
Lahore,8/15/2022,29.47569638,56.3061913,990.4154291,mist,4.493450292,7.766010394
Lahore,8/16/2022,25.01310541,41.82813104,1004.019879,few clouds,8.864406212,3.688032235
Lahore,8/17/2022,27.02670849,50.96859794,1012.287108,clear sky,7.886172975,7.893489424
Lahore,8/18/2022,27.19715481,32.63571041,1004.971244,broken clouds,3.101279753,3.124963984
Lahore,8/19/2022,42.02377371,34.25082111,995.5924227,scattered clouds,7.316116804,7.610836224
Lahore,8/20/2022,38.16671238,39.45715459,989.0176739,clear sky,11.05844761,8.869465695
Lahore,8/21/2022,30.00517052,46.12464459,1019.499648,clear sky,6.516802376,6.952190513
Lahore,8/22/2022,23.79570209,69.93960908,1011.715664,few clouds,3.695553768,4.673362846
Lahore,8/23/2022,38.46438665,23.74637239,981.8424522,clear sky,7.319304246,7.646756864
Lahore,8/24/2022,22.77237932,75.35152796,1017.200472,few clouds,4.725024295,4.25482161
Lahore,8/25/2022,24.05109321,73.61749123,1021.668361,thunderstorm,1.864928597,4.499660928
Lahore,8/26/2022,27.7843214,49.55799178,1000.472812,thunderstorm,5.726044765,5.472696121
Lahore,8/27/2022,40.1283567,20.52166573,984.8456232,mist,8.689159159,7.978424876
Lahore,8/28/2022,22.16288005,71.94893953,1026.882348,clear sky,4.704175155,5.231840267
Lahore,8/29/2022,21.93362063,73.79739374,1015.085004,shower rain,0.631769332,2.564395106
Lahore,8/30/2022,30.85539972,36.22590406,1008.941056,clear sky,4.438793307,5.616031635
Lahore,8/31/2022,25.63385299,36.24998572,1013.372143,shower rain,4.403479495,3.042398605
Lahore,9/1/2022,32.6494706,38.28654506,1012.830079,clear sky,3.758972719,6.437181999
Lahore,9/2/2022,29.83928043,51.35164775,1001.259279,mist,4.453164852,3.976927323
Lahore,9/3/2022,29.43901855,48.18798191,1007.036947,broken clouds,7.249421875,5.405006269
Lahore,9/4/2022,21.68735129,83.83050584,1017.986329,scattered clouds,5.125177196,2.051026081
Lahore,9/5/2022,22.38519257,61.82634287,1034.83221,mist,4.622124129,1.117668573
Lahore,9/6/2022,38.70588586,38.2413612,997.5751696,clear sky,9.75188138,7.416102758
Lahore,9/7/2022,40.2611857,34.87412324,986.8748317,scattered clouds,5.524345711,7.124168033
Lahore,9/8/2022,24.63240479,65.8004668,1003.669498,shower rain,6.713049075,3.125747568
Lahore,9/9/2022,21.72305204,53.81048263,1006.703299,broken clouds,1.176535226,2.0440308
Lahore,9/10/2022,20.28200013,60.2793465,1014.68007,scattered clouds,4.678949593,5.736022949
Lahore,9/11/2022,33.59914273,58.70304652,1006.927499,thunderstorm,9.390234308,3.017535759
Lahore,9/12/2022,36.1684771,26.20726752,993.1357402,clear sky,11.97777096,9.45772725
Lahore,9/13/2022,27.94743974,39.8970288,999.9411314,thunderstorm,4.526347481,6.684509616
Lahore,9/14/2022,35.31222082,23.79177862,993.3499824,clear sky,8.157962988,5.860360168
Lahore,9/15/2022,36.11101157,36.13701202,998.7547997,mist,5.30205867,7.360959932
Lahore,9/16/2022,41.44821475,25.5128846,993.0402825,rain,11.12758241,9.944250408
Lahore,9/17/2022,20.55696731,63.21032993,1006.342609,shower rain,4.290950866,4.218491185
Lahore,9/18/2022,23.61500136,66.57392434,1023.186757,shower rain,5.07850407,1.636883619
Lahore,9/19/2022,20.6446237,67.34913119,1021.675821,scattered clouds,0.076974025,3.288211194
Lahore,9/20/2022,39.8318544,28.22681581,997.4140022,clear sky,13.17841289,7.341015483
Lahore,9/21/2022,38.02209184,30.07487391,987.0060611,clear sky,12.38710957,9.011316664
Lahore,9/22/2022,32.79140969,54.43538639,1002.688368,few clouds,3.986206267,7.580814664
Lahore,9/23/2022,21.00792184,82.77140163,1023.946362,mist,2.433386265,1.411207716
Lahore,9/24/2022,25.55949661,53.94939401,1005.732759,few clouds,7.46967425,4.570186435
Lahore,9/25/2022,26.14527635,33.03374517,1011.570498,mist,6.470578125,4.492190634
Lahore,9/26/2022,32.4578367,53.9903641,991.2116697,rain,3.805659847,7.980240625
Lahore,9/27/2022,25.19305346,33.6075532,1006.905481,rain,3.611417626,5.796135583
Lahore,9/28/2022,20.75103673,54.9889508,1004.866876,thunderstorm,5.470194094,5.399157481
Lahore,9/29/2022,36.53829524,38.95725543,986.3041799,scattered clouds,6.55967118,7.130164247
Lahore,9/30/2022,26.17792508,54.58193534,1009.848806,few clouds,4.204648718,6.613615752
Lahore,10/1/2022,29.85698025,46.57231401,994.722426,mist,8.816461877,4.432928212
Lahore,10/2/2022,22.06399924,84.99880818,1012.353673,thunderstorm,4.284977442,5.558930117
Lahore,10/3/2022,38.26115928,39.78729285,994.0601297,clear sky,11.04715608,7.275731205
Lahore,10/4/2022,32.57276505,48.319262,1009.524157,broken clouds,6.3554204,7.018627487
Lahore,10/5/2022,40.63805503,32.25796874,981.8207934,mist,10.68995014,6.279084417
Lahore,10/6/2022,30.89131751,52.63281087,1007.318055,scattered clouds,7.212387833,6.46802171
Lahore,10/7/2022,41.59421612,24.64277905,982.9450892,clear sky,14.67826235,7.025792022
Lahore,10/8/2022,40.40483691,23.34249723,985.0454276,clear sky,7.229733075,5.157197115
Lahore,10/9/2022,32.83503656,52.7874225,1003.776338,thunderstorm,4.501936938,5.065041269
Lahore,10/10/2022,41.41344252,26.8980959,982.1869365,few clouds,5.572184877,7.750108209
Lahore,10/11/2022,26.75412994,34.05211069,1019.809409,rain,7.607391592,3.75880807
Lahore,10/12/2022,27.7754119,39.44633178,994.9610868,thunderstorm,6.843295266,3.919565526
Lahore,10/13/2022,20.09147083,64.34547471,1031.252505,broken clouds,0.778674427,3.324313992
Lahore,10/14/2022,33.14082176,58.95682979,1014.895165,broken clouds,5.551772546,4.713648562
Lahore,10/15/2022,36.32617528,33.95919422,999.8892794,rain,6.786632053,7.20370269
Lahore,10/16/2022,37.56446057,30.61712635,988.5730644,clear sky,8.314817404,7.304134947
Lahore,10/17/2022,22.59559087,88.75492555,1034.963781,few clouds,6.658849186,1.700380219
Lahore,10/18/2022,29.65981774,57.09419221,1018.726183,shower rain,7.783231872,3.905972876
Lahore,10/19/2022,23.24471709,70.48003426,1006.915766,few clouds,0.052983706,5.240826967
Lahore,10/20/2022,34.89105637,57.17038906,1004.383083,clear sky,4.767556516,3.813593447
Lahore,10/21/2022,22.79071294,66.17218632,1002.400433,clear sky,0.07253083,4.329571665
Lahore,10/22/2022,40.69992841,24.60841331,992.4144802,clear sky,12.14868499,7.092640234
Lahore,10/23/2022,24.5352315,59.30712707,1023.256246,scattered clouds,3.285952614,5.84118343
Lahore,10/24/2022,25.99365439,49.86946573,996.1237885,shower rain,9.958130843,3.330521809
Lahore,10/25/2022,39.42175173,30.02140641,995.9580552,clear sky,12.33583261,9.15194433
Lahore,10/26/2022,30.00322264,49.76852541,991.1180617,clear sky,6.625390599,5.457246156
Lahore,10/27/2022,19.5759027,77.44303857,1032.249093,few clouds,5.632937997,1.026761854
Lahore,10/28/2022,30.87007003,30.66968619,990.7993587,thunderstorm,7.933625559,4.318301095
Lahore,10/29/2022,21.02904005,52.16158369,1026.273152,shower rain,1.706433243,3.038484263
Lahore,10/30/2022,42.64827325,30.65355453,981.5753903,broken clouds,10.30258275,6.570973767
Lahore,10/31/2022,33.11467769,35.73106433,997.5367656,mist,6.891991074,4.81224732
Lahore,11/1/2022,25.15678282,48.97601306,1011.6574,rain,6.15862189,7.583359546
Lahore,11/2/2022,32.52922431,46.56557218,998.412144,shower rain,4.25434836,4.804670162
Lahore,11/3/2022,20.84481048,73.43041433,1020.446954,broken clouds,1.563583362,3.094146897
Lahore,11/4/2022,38.1973913,26.0491076,998.3049654,broken clouds,7.81047401,8.805657768
Lahore,11/5/2022,41.20787329,32.79687013,980.9926871,clear sky,5.102551494,8.969167829
Lahore,11/6/2022,39.98666532,36.58985273,996.2215959,clear sky,14.16943892,5.420448259
Lahore,11/7/2022,27.20218246,59.94213761,991.95816,scattered clouds,7.802671941,6.520350173
Lahore,11/8/2022,26.81843487,55.15333159,993.8038453,few clouds,7.82732121,5.412859768
Lahore,11/9/2022,19.84210267,72.29995039,1004.772764,clear sky,4.006314297,1.669269466
Lahore,11/10/2022,34.63360861,35.80288775,1019.823068,clear sky,7.825175657,4.32355282
Lahore,11/11/2022,31.83771482,50.44337628,995.4055896,rain,9.873037849,3.225177487
Lahore,11/12/2022,30.02431291,58.12961357,1016.902855,shower rain,5.696122363,4.801185944
Lahore,11/13/2022,40.78314288,24.23733079,999.8186433,rain,12.12525587,6.277032202
Lahore,11/14/2022,23.02909363,60.23982482,1015.351391,rain,2.516703031,2.910516987
Lahore,11/15/2022,19.2319904,55.96034174,1025.241942,scattered clouds,5.980021591,3.901702738
Lahore,11/16/2022,20.75959485,79.46886575,1031.16365,scattered clouds,6.006200248,4.66169776
Lahore,11/17/2022,24.36091451,66.26246014,1015.705803,broken clouds,6.315864978,4.026759933
Lahore,11/18/2022,19.79885318,52.50782556,1006.472566,scattered clouds,0.03824327,4.391886511
Lahore,11/19/2022,31.06824906,56.24849974,1003.012882,few clouds,5.087340115,7.328195603
Lahore,11/20/2022,26.53817093,46.73015714,1013.156629,thunderstorm,3.937470458,7.369122217
Lahore,11/21/2022,23.33159219,63.24377168,1031.230511,clear sky,3.177903385,5.303596742
Lahore,11/22/2022,37.0020178,26.87965952,984.6107758,mist,9.954496427,5.765844577
Lahore,11/23/2022,23.90683183,61.61004881,1006.998626,shower rain,1.7913283,2.255345668
Lahore,11/24/2022,35.50252242,29.10960345,998.411214,shower rain,12.23446492,7.511626525
Lahore,11/25/2022,27.38235774,40.11125065,991.3199709,scattered clouds,4.88838802,4.79369647
Lahore,11/26/2022,31.28386626,46.43838912,1012.042154,thunderstorm,8.977239627,3.658344841
Lahore,11/27/2022,41.41280896,35.47034505,980.9284277,mist,6.776593681,6.438751173
Lahore,11/28/2022,19.89643924,76.97845134,1033.516002,mist,2.570647063,5.877143808
Lahore,11/29/2022,31.00634818,38.83370678,1017.162444,scattered clouds,7.355664309,4.734633777
Lahore,11/30/2022,39.50615105,30.57482023,985.9483825,few clouds,11.0533507,7.094570341
Lahore,12/1/2022,13.58353647,83.6050464,1002.957426,scattered clouds,0.546203784,1.032007109
Lahore,12/2/2022,7.983669305,52.72824939,1019.227381,mist,5.923810285,4.597074399
Lahore,12/3/2022,10.15826043,53.13189068,1011.938521,scattered clouds,4.186454534,3.067750328
Lahore,12/4/2022,15.24478132,72.24680272,1016.685446,shower rain,6.089016841,1.515700314
Lahore,12/5/2022,19.0346141,75.56460514,1026.599418,clear sky,6.073449048,5.842783692
Lahore,12/6/2022,3.739194727,58.45652063,1008.393041,clear sky,3.821430833,4.887166063
Lahore,12/7/2022,4.287698794,79.80880507,1014.278063,thunderstorm,6.375470201,4.630750447
Lahore,12/8/2022,8.850927425,75.85053508,1031.3025,few clouds,5.938854592,5.789361674
Lahore,12/9/2022,7.19003432,86.93157073,1025.750478,rain,6.706860612,3.037400423
Lahore,12/10/2022,7.768755952,56.75816807,1013.05102,few clouds,5.95348879,4.592667701
Lahore,12/11/2022,6.982859975,80.05497061,1026.572064,broken clouds,5.748426957,2.031039487
Lahore,12/12/2022,6.524850879,53.34572362,1030.612517,few clouds,3.285523365,4.485602737
Lahore,12/13/2022,5.351231404,72.61169638,1023.699423,mist,1.484217423,1.070395461
Lahore,12/14/2022,19.81117437,72.07580558,1009.579873,rain,6.374961132,1.631526902
Lahore,12/15/2022,5.59541035,65.53540179,1000.009812,clear sky,5.057844305,3.126294593
Lahore,12/16/2022,6.679267946,83.78284591,1032.113964,scattered clouds,1.972235049,1.060463474
Lahore,12/17/2022,7.432783032,50.17482579,1032.905342,clear sky,2.386970059,3.309829277
Lahore,12/18/2022,19.79426772,70.80717608,1027.90418,rain,4.802549583,3.613958745
Lahore,12/19/2022,16.6028544,58.68614199,1003.063237,thunderstorm,3.344721158,4.108032988
Lahore,12/20/2022,17.21458975,79.73994476,1023.408892,broken clouds,0.570377933,1.501933385
Lahore,12/21/2022,4.885648672,51.72269705,1032.840827,mist,0.99013562,1.905059566
Lahore,12/22/2022,18.05357775,83.26218753,1015.586733,few clouds,5.219540785,4.066416854
Lahore,12/23/2022,10.34747547,83.52368907,1007.920029,mist,2.299986699,4.290938562
Lahore,12/24/2022,7.730814472,83.3146405,1023.505092,few clouds,3.553545999,1.129501141
Lahore,12/25/2022,13.3635015,56.10274107,1033.052265,broken clouds,5.366350348,3.701836811
Lahore,12/26/2022,17.7992923,75.21626074,1001.954798,few clouds,5.258229156,4.92490866
Lahore,12/27/2022,17.01573872,50.57469437,1023.878049,rain,1.169105188,1.345504389
Lahore,12/28/2022,19.01995469,83.91850365,1025.726952,broken clouds,0.688757051,3.065864326
Lahore,12/29/2022,19.70637935,78.91900774,1024.094682,shower rain,4.138066051,2.632556365
Lahore,12/30/2022,7.286197286,71.24614924,1026.001347,clear sky,5.191430118,5.568328127
Lahore,12/31/2022,10.6294421,79.22365732,1025.255012,rain,1.043279454,1.929011966
Lahore,1/1/2023,3.263313706,53.77296387,1005.216155,clear sky,2.603687011,2.591802066
Lahore,1/2/2023,18.82778987,71.14623329,1009.397471,shower rain,6.091945972,5.492223725
Lahore,1/3/2023,5.782298727,61.65105967,1024.75976,few clouds,6.609561991,2.65326653
Lahore,1/4/2023,18.50654662,88.90477853,1000.707726,clear sky,3.178488327,3.656737203
Lahore,1/5/2023,8.928971796,84.28471802,1025.389781,clear sky,0.556611538,1.165176686
Lahore,1/6/2023,9.62640462,79.33102783,1026.615465,clear sky,1.803875193,5.924512181
Lahore,1/7/2023,3.704380581,87.34990541,1009.56699,rain,1.630789442,5.124733539
Lahore,1/8/2023,8.883818216,63.87373218,1023.925313,clear sky,1.672746044,4.172004724
Lahore,1/9/2023,18.99054629,86.03519596,1021.363602,mist,3.457171938,1.303776365
Lahore,1/10/2023,3.45985322,63.00952928,1010.427662,clear sky,4.082579562,1.374349807
Lahore,1/11/2023,10.31389451,79.31186879,1018.51896,rain,0.857567121,3.724868154
Lahore,1/12/2023,3.565193337,79.45667647,1036.384981,rain,6.225492046,2.425322181
Lahore,1/13/2023,9.676621652,50.73399506,1017.064111,shower rain,4.339816763,4.113947238
Lahore,1/14/2023,6.107531534,64.44238793,1025.193767,scattered clouds,4.180762112,3.990962409
Lahore,1/15/2023,7.539931079,50.7773069,1001.414033,clear sky,6.910952989,5.193256991
Lahore,1/16/2023,18.79677072,89.8836807,1003.112005,clear sky,4.397007842,2.406885304
Lahore,1/17/2023,10.84888597,54.88787047,1003.252323,thunderstorm,6.502714045,3.889317622
Lahore,1/18/2023,7.928363845,71.71243583,1031.129631,broken clouds,2.003798807,4.886816594
Lahore,1/19/2023,13.6080908,81.62224955,1014.010276,clear sky,1.680906432,3.453864932
Lahore,1/20/2023,5.557925277,58.05054409,1009.104468,clear sky,3.615630808,5.153218325
Lahore,1/21/2023,7.669048934,69.40210672,1029.892983,mist,3.560262633,1.656381008
Lahore,1/22/2023,12.83246342,74.29715044,1006.798403,broken clouds,1.585385546,4.669488826
Lahore,1/23/2023,7.275414753,56.40819018,1009.859701,broken clouds,4.897589598,5.714910458
Lahore,1/24/2023,15.22429927,81.1422184,1017.237258,rain,0.207436735,2.659416605
Lahore,1/25/2023,11.84684344,61.97345829,1013.257523,clear sky,4.834413308,2.831682212
Lahore,1/26/2023,16.89580326,58.44092305,1023.415688,few clouds,3.200245203,1.417748386
Lahore,1/27/2023,20.06840164,72.33154986,1013.513625,few clouds,4.823052576,4.207463898
Lahore,1/28/2023,5.084488008,66.41254511,1015.718065,mist,3.339564414,3.762253628
Lahore,1/29/2023,9.02397018,86.81143779,1034.515464,shower rain,6.84133648,1.201728794
Lahore,1/30/2023,8.751883132,85.20250793,1035.381258,scattered clouds,2.342794658,4.761060135
Lahore,1/31/2023,5.721292548,69.33402654,1033.108448,shower rain,6.878010559,5.146422479
Lahore,2/1/2023,17.58545647,64.37055099,1034.593237,mist,0.454817597,5.535598021
Lahore,2/2/2023,16.67781667,63.02071927,1022.789147,rain,4.786325423,3.728670431
Lahore,2/3/2023,11.71965848,60.70254492,1025.849329,shower rain,3.179534447,3.262900175
Lahore,2/4/2023,12.679874,71.78191415,1022.286927,thunderstorm,5.754963379,5.380685773
Lahore,2/5/2023,4.071794484,82.19914419,1031.423523,mist,5.527312488,2.993484095
Lahore,2/6/2023,12.99913234,62.43026433,1022.040019,shower rain,5.60147128,4.277215626
Lahore,2/7/2023,17.24414743,57.60376359,1004.443079,thunderstorm,0.663170195,4.076811282
Lahore,2/8/2023,13.32889632,69.01935225,1032.383205,mist,5.756559899,2.860805499
Lahore,2/9/2023,7.775514662,52.76137667,1030.423407,clear sky,1.498281102,1.434449688
Lahore,2/10/2023,15.0158689,78.05116025,1032.812024,thunderstorm,0.179761847,1.107077693
Lahore,2/11/2023,9.506791739,70.73433065,1007.617179,rain,1.524171038,3.141188703
Lahore,2/12/2023,12.80771912,69.85499232,1010.864682,thunderstorm,3.354995733,3.406007874
Lahore,2/13/2023,11.77617654,62.01781518,1011.830068,broken clouds,5.194779519,5.113391341
Lahore,2/14/2023,9.861150017,86.1869375,1020.323221,clear sky,1.530427366,3.07205825
Lahore,2/15/2023,15.93980365,53.61945167,1005.355083,clear sky,0.791052837,2.405799374
Lahore,2/16/2023,18.90977002,84.79296036,1015.41527,broken clouds,4.521770785,3.31048234
Lahore,2/17/2023,3.093825333,65.0682081,1007.286326,few clouds,6.887286255,2.189952402
Lahore,2/18/2023,19.80509735,85.22494064,1010.590509,clear sky,4.206092115,1.456803056
Lahore,2/19/2023,12.20727245,79.15045833,1028.255505,scattered clouds,4.837401549,1.565215168
Lahore,2/20/2023,15.61317385,54.16682907,1034.192446,broken clouds,3.928172106,2.595772299
Lahore,2/21/2023,18.40124219,83.26145146,1000.916235,few clouds,5.47643911,1.063382088
Lahore,2/22/2023,11.40786646,77.28707335,1022.635879,thunderstorm,6.830630941,2.101016433
Lahore,2/23/2023,18.02953332,51.29207652,1001.44239,rain,3.808904606,4.937615705
Lahore,2/24/2023,6.19715675,55.34810728,1003.40997,clear sky,2.917533582,2.173085962
Lahore,2/25/2023,5.865015621,75.42512223,1028.203361,thunderstorm,6.022401428,1.553647555
Lahore,2/26/2023,14.83448464,76.50402012,1029.424324,mist,6.788098406,5.7454028
Lahore,2/27/2023,18.6625741,79.86605731,1032.559227,mist,0.904271486,4.112350582
Lahore,2/28/2023,19.0636712,78.80981603,1018.96966,few clouds,4.047196758,1.300129747
Lahore,3/1/2023,34.449771,49.78559864,1015.794224,thunderstorm,8.547219948,3.311219832
Lahore,3/2/2023,31.61174153,52.98716705,995.0051487,few clouds,6.733375836,6.060610628
Lahore,3/3/2023,26.9534341,47.25257118,997.4914924,mist,5.864378777,5.70064401
Lahore,3/4/2023,42.52000997,25.21582771,982.690043,mist,11.55229821,5.341873862
Lahore,3/5/2023,26.67269648,57.37129841,1013.926118,thunderstorm,4.890896662,4.121577375
Lahore,3/6/2023,36.86046657,20.36428062,984.5735024,few clouds,8.491337429,9.645214572
Lahore,3/7/2023,31.7675632,40.9968516,994.6653373,clear sky,9.945936612,5.860054052
Lahore,3/8/2023,33.60429622,51.86610879,1008.693321,shower rain,7.455257341,5.201626991
Lahore,3/9/2023,28.44353321,42.81468123,992.3124608,mist,9.110491088,4.25077706
Lahore,3/10/2023,42.15575501,20.49668815,980.8980055,scattered clouds,13.07768513,5.668490212
Lahore,3/11/2023,32.72037583,31.97942709,993.2015295,scattered clouds,7.565907881,5.013158421
Lahore,3/12/2023,41.50690313,32.97274738,980.0048177,mist,13.40729082,9.611832797
Lahore,3/13/2023,19.18219399,88.59458398,1027.879606,rain,2.010109468,1.243556978
Lahore,3/14/2023,32.744094,46.55590908,1006.86706,shower rain,7.459815142,7.95489408
Lahore,3/15/2023,36.21248535,30.13515636,984.1975022,mist,10.9060349,6.039063601
Lahore,3/16/2023,36.88192411,26.36650426,984.660099,rain,11.22419601,7.043836802
Lahore,3/17/2023,40.71944516,25.13381348,996.219372,clear sky,6.686319271,5.225256541
Lahore,3/18/2023,19.10563862,50.83939927,1020.072805,scattered clouds,1.94070128,3.923911016
Lahore,3/19/2023,19.00792382,60.91819471,1027.941134,thunderstorm,2.006608232,3.417776327
Lahore,3/20/2023,30.33432306,43.47331323,1003.582664,clear sky,7.213623138,6.333535174
Lahore,3/21/2023,19.70304892,57.91799132,1009.508721,thunderstorm,6.807828163,3.713390636
Lahore,3/22/2023,42.38878129,21.74695977,999.408056,clear sky,14.54067551,6.990888923
Lahore,3/23/2023,24.32956419,78.70911469,1022.625903,few clouds,1.590326871,4.688783489
Lahore,3/24/2023,30.3439535,56.83860807,993.9294571,shower rain,5.133916701,3.125105639
Lahore,3/25/2023,20.46730312,87.47088279,1016.243602,rain,0.252433246,3.705145104
Lahore,3/26/2023,31.52916199,48.53996185,999.8801224,clear sky,5.791709129,3.569381019
Lahore,3/27/2023,28.118947,31.58323748,996.4226241,thunderstorm,8.842718852,5.180041665
Lahore,3/28/2023,20.07184069,79.6345052,1037.3376,shower rain,6.410262173,4.955626584
Lahore,3/29/2023,27.0429824,33.30285916,1016.4276,clear sky,4.655475357,3.712303731
Lahore,3/30/2023,28.39446449,50.09244353,995.9744135,rain,4.860561314,7.679051744
Lahore,3/31/2023,42.75811579,35.58731671,987.0429578,broken clouds,7.208498165,9.442523462
Lahore,4/1/2023,23.98926093,79.03458843,1030.492616,clear sky,2.450724973,3.074525354
Lahore,4/2/2023,32.07471077,58.55651417,996.2551814,broken clouds,8.63331579,3.029874204
Lahore,4/3/2023,42.69557318,34.76292569,991.8312973,clear sky,11.4685747,8.948724133
Lahore,4/4/2023,38.00846099,33.86419556,993.9958788,clear sky,12.85940918,9.404479017
Lahore,4/5/2023,42.84082002,25.23486344,993.0794465,mist,10.83031106,5.873690462
Lahore,4/6/2023,42.23915955,38.49537373,994.1281728,scattered clouds,7.577330781,9.580961044
Lahore,4/7/2023,30.74894901,35.38631612,1011.200988,clear sky,4.595959261,7.570486386
Lahore,4/8/2023,35.7130204,38.09793223,999.2961184,scattered clouds,5.090007059,7.356454255
Lahore,4/9/2023,21.65063505,62.50650173,1013.859956,few clouds,5.466874958,4.990174054
Lahore,4/10/2023,29.5875718,33.90490782,1016.357713,broken clouds,8.929848583,5.224739891
Lahore,4/11/2023,38.41644501,36.53366055,980.4361413,broken clouds,12.682826,7.82023133
Lahore,4/12/2023,31.1280477,30.07486361,998.6460889,mist,3.520814404,4.599195049
Lahore,4/13/2023,35.86477679,36.64176635,980.9731156,mist,12.62221627,5.797346727
Lahore,4/14/2023,36.89803192,25.24623684,993.0240792,rain,5.457674532,8.732682919
Lahore,4/15/2023,25.08325939,56.54163818,993.0237111,clear sky,3.73915146,3.006964223
Lahore,4/16/2023,40.01678495,33.82958364,996.9141373,clear sky,9.404753729,7.897763448
Lahore,4/17/2023,30.03573834,49.98549999,1009.397751,mist,6.333029062,7.323430132
Lahore,4/18/2023,24.04444249,64.61278253,1001.152616,clear sky,5.712830456,2.106386434
Lahore,4/19/2023,39.76998116,21.18805948,994.2955473,scattered clouds,11.79526892,6.664497284
Lahore,4/20/2023,29.02765135,54.90219295,1015.861048,scattered clouds,4.07324125,5.937429264
Lahore,4/21/2023,37.00749852,23.4180759,993.2224202,clear sky,7.261467832,6.234351233
Lahore,4/22/2023,32.15279373,41.16775926,990.9157265,few clouds,4.999726318,7.237434287
Lahore,4/23/2023,28.16492205,48.01064057,1015.737586,scattered clouds,3.865708462,4.833015836
Lahore,4/24/2023,38.43703396,29.64507477,994.6492783,clear sky,7.876448864,7.908068599
Lahore,4/25/2023,33.02727836,35.95981906,1001.353539,mist,8.100187089,4.130605738
Lahore,4/26/2023,28.37349046,34.21849071,999.8589077,broken clouds,4.689810291,3.206931685
Lahore,4/27/2023,21.63034889,54.92985089,1019.192807,clear sky,5.847517529,1.86850133
Lahore,4/28/2023,40.49068753,37.26015763,997.342035,broken clouds,9.695169951,5.230994688
Lahore,4/29/2023,19.85127005,51.26238196,1010.082374,scattered clouds,2.260550329,3.343019498
Lahore,4/30/2023,39.71649636,39.54028519,982.0192762,scattered clouds,9.124181045,7.933186955
Lahore,5/1/2023,27.6390766,35.95586071,1015.939091,rain,7.966477184,3.223376038
Lahore,5/2/2023,34.34413032,33.30966891,990.7886955,thunderstorm,6.617548923,3.452411108
Lahore,5/3/2023,41.13279337,31.5394331,998.2199404,clear sky,5.07278664,7.427625134
Lahore,5/4/2023,22.64095877,53.19943832,1012.229808,thunderstorm,6.456266926,4.995899661
Lahore,5/5/2023,32.60681142,48.07359789,1005.246681,thunderstorm,3.461972021,6.140045895
Lahore,5/6/2023,37.3463887,37.0125329,982.6459105,scattered clouds,14.38621349,5.523551101
Lahore,5/7/2023,37.18201199,20.95796043,998.0450994,broken clouds,5.281528236,9.437711369
Lahore,5/8/2023,31.61516595,53.99605814,1012.495087,clear sky,8.396855345,7.587251174
Lahore,5/9/2023,33.99374704,41.83432323,1017.724668,clear sky,6.742722957,4.624784139
Lahore,5/10/2023,37.18064786,23.18981268,993.664581,broken clouds,10.05726181,8.080088959
Lahore,5/11/2023,39.18466331,23.52192961,983.6938755,few clouds,5.727785025,7.461635751
Lahore,5/12/2023,37.28351433,38.37529087,986.1653401,scattered clouds,7.387450103,9.710118843
Lahore,5/13/2023,27.49611864,33.31817256,1004.605457,rain,8.442831219,5.543742665
Lahore,5/14/2023,42.92143363,37.33565574,992.1451641,clear sky,13.9125983,9.799829069
Lahore,5/15/2023,29.42806465,46.32733863,1017.793783,scattered clouds,6.703830767,3.996712753
Lahore,5/16/2023,19.58715287,51.56224715,1015.358059,broken clouds,2.473403775,2.727683788
Lahore,5/17/2023,27.70280684,43.93428437,1011.092161,scattered clouds,3.419602456,6.9067262
Lahore,5/18/2023,22.06679091,82.69798058,1038.440354,thunderstorm,4.775249682,4.918053678
Lahore,5/19/2023,21.91462278,79.04811151,1006.094963,clear sky,1.949126275,4.66091637
Lahore,5/20/2023,25.75684096,44.66347253,1015.881288,few clouds,3.385096005,7.298057323
Lahore,5/21/2023,20.28101186,84.40199519,1016.828243,thunderstorm,4.660962104,4.512730865
Lahore,5/22/2023,35.52429252,22.40729524,994.6484355,rain,9.857197935,8.180425722
Lahore,5/23/2023,20.77573322,86.39764214,1011.741534,thunderstorm,0.083735048,3.294625065
Lahore,5/24/2023,23.87894933,83.85764834,1013.359369,scattered clouds,0.776468274,3.335438717
Lahore,5/25/2023,21.22959315,78.33107303,1001.085329,thunderstorm,4.894413505,3.030807466
Lahore,5/26/2023,20.51602554,82.71550969,1038.856166,rain,0.445699331,4.101058999
Lahore,5/27/2023,25.42603997,46.31446521,1014.403577,mist,9.061741454,5.033319646
Lahore,5/28/2023,32.72557522,50.25487287,992.8175387,broken clouds,5.179283942,3.73747157
Lahore,5/29/2023,42.15245335,31.21196141,999.9901759,few clouds,5.886664704,5.532648081
Lahore,5/30/2023,40.0133597,27.10857061,992.1004919,broken clouds,12.59757378,9.622361376
Lahore,5/31/2023,40.02241421,31.37721595,997.0745728,mist,10.24427234,5.123694538
Lahore,6/1/2023,23.22560886,60.2986133,1002.666431,clear sky,2.146480227,1.527336309
Lahore,6/2/2023,25.35777264,43.20837513,1001.683535,shower rain,5.842688392,5.226524373
Lahore,6/3/2023,20.8334396,61.23101629,1026.786045,thunderstorm,0.149886769,2.314631335
Lahore,6/4/2023,37.68324016,22.45775579,982.1286744,scattered clouds,11.62698538,7.029244502
Lahore,6/5/2023,20.67559124,62.87447426,1019.556114,broken clouds,2.560415823,1.587236908
Lahore,6/6/2023,32.3606961,55.55961655,1003.280336,broken clouds,7.998262988,3.654534684
Lahore,6/7/2023,24.94901374,65.24323083,1008.641609,thunderstorm,4.397198022,5.003289544
Lahore,6/8/2023,24.84269522,79.92014596,1012.010793,rain,4.558779301,4.795543721
Lahore,6/9/2023,42.77740133,23.50395708,999.3423671,broken clouds,12.92892711,5.521264329
Lahore,6/10/2023,37.16271537,28.48838318,985.7729697,broken clouds,11.31158078,8.338952074
Lahore,6/11/2023,39.0865446,22.29712139,984.2685227,clear sky,9.187259292,8.046556617
Lahore,6/12/2023,32.72758445,34.1586319,1006.086275,clear sky,5.729492932,6.566813613
Lahore,6/13/2023,39.9043429,32.3487276,993.4191607,broken clouds,6.195821068,7.372244523
Lahore,6/14/2023,34.49177294,48.22445452,1011.752793,clear sky,8.456103892,4.349934138
Lahore,6/15/2023,41.70816892,24.26743815,995.0849437,scattered clouds,12.61108442,8.318395847
Lahore,6/16/2023,25.75212607,44.23269583,991.1049747,shower rain,4.72408857,4.856787133
Lahore,6/17/2023,33.2876691,55.89918501,1001.812812,rain,9.038773389,4.094764505
Lahore,6/18/2023,35.56315235,23.48403017,995.4791616,thunderstorm,10.89003258,7.043145069
Lahore,6/19/2023,28.43049532,30.57631599,1017.145563,mist,6.350807897,6.816349178
Lahore,6/20/2023,40.11299158,33.03990281,992.0440025,few clouds,5.174963016,7.378965983
Lahore,6/21/2023,42.51527591,21.06996416,981.0461371,rain,8.827411859,6.499321317
Lahore,6/22/2023,30.85046779,59.39820716,1001.899374,thunderstorm,7.484695378,7.159343074
Lahore,6/23/2023,28.37537572,48.28860851,992.2268135,mist,3.628234864,7.408218776
Lahore,6/24/2023,30.32651029,44.11189059,1012.456136,clear sky,6.216971162,5.166252119
Lahore,6/25/2023,39.4656819,28.5998508,981.2701094,clear sky,14.93435951,6.873440104
Lahore,6/26/2023,34.49124221,47.19211976,995.571932,clear sky,8.01577046,6.063494735
Lahore,6/27/2023,20.07453694,53.62497747,1016.678337,few clouds,3.828096213,1.28987223
Lahore,6/28/2023,32.01207785,57.90057176,1003.879451,few clouds,6.731230195,6.456615803
Lahore,6/29/2023,19.41520295,75.02568274,1016.259268,scattered clouds,0.306355576,4.911438027
Lahore,6/30/2023,37.6848489,23.67956995,989.2679329,clear sky,14.57314437,6.987209636
Lahore,7/1/2023,26.87949457,46.87743161,1011.397175,clear sky,9.497243622,3.87307925
Lahore,7/2/2023,30.32817957,33.99769517,1001.078065,shower rain,7.776832975,3.144091876
Lahore,7/3/2023,38.16827454,20.35105435,990.9550092,clear sky,5.990116497,8.186227997
Lahore,7/4/2023,20.11477161,75.22067941,1012.13477,shower rain,1.454837277,2.344967033
Lahore,7/5/2023,22.80499685,75.93933367,1014.1451,shower rain,1.287366751,3.319447936
Lahore,7/6/2023,28.55104903,47.51089748,1008.413969,clear sky,6.637049396,4.931777608
Lahore,7/7/2023,24.51820393,57.33932817,1019.619786,scattered clouds,1.454627122,1.87442398
Lahore,7/8/2023,27.10963422,48.10289575,1011.691089,rain,7.870603931,5.541843342
Lahore,7/9/2023,42.95619371,21.13021882,991.2107718,rain,10.45229886,7.297967614
Lahore,7/10/2023,38.8099465,32.18476711,996.0714817,few clouds,5.17658177,8.120738114
Lahore,7/11/2023,40.21364356,31.08034038,988.8681643,broken clouds,12.44057237,6.259424973
Lahore,7/12/2023,41.48931121,33.10509662,989.8206724,clear sky,6.888287367,6.073195399
Lahore,7/13/2023,27.18246113,56.86426817,1010.09914,clear sky,8.774195838,7.071725299
Lahore,7/14/2023,26.12984699,55.51074316,996.6373183,shower rain,5.48531806,6.510961225
Lahore,7/15/2023,24.61749982,89.22616766,1015.437181,clear sky,2.37033776,4.861032258
Lahore,7/16/2023,38.92280587,39.52482066,992.4968249,rain,5.118173358,5.616449059
Lahore,7/17/2023,35.30924469,35.44639387,980.5775254,few clouds,14.87728983,6.120198217
Lahore,7/18/2023,24.66812758,88.25678489,1017.478857,few clouds,4.284030374,3.877657581
Lahore,7/19/2023,28.0478519,56.01851658,1007.965498,clear sky,5.959111163,7.286006734
Lahore,7/20/2023,31.16108233,51.8274735,1019.021266,rain,3.676349831,7.460573216
Lahore,7/21/2023,31.67536137,32.26152764,1016.310497,mist,7.894036449,7.159549811
Lahore,7/22/2023,40.32946549,20.98099777,985.6148391,rain,7.8273047,5.21698973
Lahore,7/23/2023,28.13358719,55.12798703,1005.216303,rain,9.917965729,7.104395923
Lahore,7/24/2023,40.80457673,29.79311716,981.1282875,few clouds,14.50547359,9.495455888
Lahore,7/25/2023,29.59282145,54.43820053,997.2226324,broken clouds,8.147076752,3.283745451
Lahore,7/26/2023,36.9129442,26.25836541,995.4971174,broken clouds,14.7107193,7.081404469
Lahore,7/27/2023,41.32610368,27.95299717,982.4662802,clear sky,6.056338625,7.683051616
Lahore,7/28/2023,40.7818169,34.00373442,985.1538105,rain,7.799153605,6.163751864
Lahore,7/29/2023,20.36686882,86.61306948,1037.7617,mist,1.772703022,3.58342828
Lahore,7/30/2023,23.93690308,53.51045898,1032.954232,mist,0.504088609,5.42977894
Lahore,7/31/2023,30.44573021,55.84434434,1013.454831,mist,9.805586186,7.334712532
Lahore,8/1/2023,29.35730296,53.79038175,1015.936725,rain,3.419818607,7.699186406
Lahore,8/2/2023,34.38139996,39.46617812,1012.488171,broken clouds,8.996822328,5.420548992
Lahore,8/3/2023,41.67301722,27.10433228,982.4117243,mist,12.68161425,7.052834726
Lahore,8/4/2023,21.69771307,51.85845909,1020.662453,shower rain,2.631069612,4.328939095
Lahore,8/5/2023,29.84460796,30.47221833,1003.327318,rain,3.131651538,5.083802888
Lahore,8/6/2023,23.61786491,69.08024505,1012.446063,few clouds,0.042671335,1.20972298
Lahore,8/7/2023,40.45858236,21.91079291,996.6808082,broken clouds,7.039938407,8.599607261
Lahore,8/8/2023,42.14992446,23.88003629,989.282784,scattered clouds,9.9387658,6.404919706
Lahore,8/9/2023,30.48884037,55.40301599,991.808928,clear sky,6.205369847,3.245426561
Lahore,8/10/2023,21.49624715,72.84113565,1010.998623,shower rain,4.097048036,1.103105383
Lahore,8/11/2023,37.847072,32.67264875,984.5724212,few clouds,12.7195931,9.656806343
Lahore,8/12/2023,35.73139241,23.74958662,997.7495777,mist,8.773546149,6.260380043
Lahore,8/13/2023,27.51209984,54.85985413,1009.423143,rain,4.122545869,5.239495963
Lahore,8/14/2023,40.29777938,37.35959545,991.2075253,rain,13.00048917,9.752882264
Lahore,8/15/2023,42.41996535,30.46655187,990.1329848,clear sky,8.326906813,7.337584894
Lahore,8/16/2023,32.38849238,57.37673316,1009.503391,clear sky,5.008173285,3.393046618
Lahore,8/17/2023,32.57746987,55.34485875,1012.646266,thunderstorm,8.350184269,5.759680236
Lahore,8/18/2023,26.14032412,51.9397253,1006.631541,rain,9.538976067,3.440993267
Lahore,8/19/2023,33.02814486,52.02227747,1018.148562,clear sky,9.404728974,3.475439392
Lahore,8/20/2023,29.55141569,33.16180422,1019.305025,scattered clouds,3.962096981,7.257385369
Lahore,8/21/2023,26.25258465,38.12508113,1019.860269,scattered clouds,6.522107074,4.447107717
Lahore,8/22/2023,20.61244472,52.67388879,1026.775644,mist,0.650091986,4.393351001
Lahore,8/23/2023,25.06498863,30.26043628,1017.978614,broken clouds,9.726831712,5.544621677
Lahore,8/24/2023,23.74851159,56.33238126,1016.179188,scattered clouds,1.506595201,2.111633456
Lahore,8/25/2023,32.00900763,56.41461548,1015.787772,broken clouds,4.382007023,5.589101493
Lahore,8/26/2023,33.44008052,37.19622177,1017.275229,broken clouds,9.222199711,3.344967679
Lahore,8/27/2023,33.60572138,59.10461888,1017.124214,broken clouds,9.774953886,4.736061748
Lahore,8/28/2023,28.31634403,47.91872999,1014.925388,scattered clouds,7.883425815,5.614181125
Lahore,8/29/2023,29.10951361,37.11775463,1002.197975,thunderstorm,3.847035236,4.14197169
Lahore,8/30/2023,39.02172231,29.94261607,983.1781496,scattered clouds,9.858556105,8.300940651
Lahore,8/31/2023,30.42958752,36.57284468,1000.018691,clear sky,8.716235658,3.259059608
Lahore,9/1/2023,42.70655997,39.67947116,995.3457714,clear sky,10.72477184,7.424049489
Lahore,9/2/2023,29.55081352,55.41794952,996.9865653,mist,3.928163983,6.574978906
Lahore,9/3/2023,34.58994267,30.78716366,1004.348162,mist,4.203214247,5.149730295
Lahore,9/4/2023,20.20871198,87.91104126,1022.615981,clear sky,6.048991731,5.372932077
Lahore,9/5/2023,34.68015819,51.63195322,1008.115757,broken clouds,6.689204146,6.160963906
Lahore,9/6/2023,39.43423347,21.64762504,998.714511,clear sky,12.05836774,9.79246458
Lahore,9/7/2023,41.61898812,33.41275493,993.2298604,clear sky,8.730625262,6.420609064
Lahore,9/8/2023,42.93569468,32.93853396,995.7259763,broken clouds,10.32485583,9.693946654
Lahore,9/9/2023,25.7722875,36.56366237,1007.45635,scattered clouds,9.839721983,6.034112949
Lahore,9/10/2023,32.80888156,52.753401,1015.00741,rain,5.307921259,6.725894496
Lahore,9/11/2023,29.81723165,32.6119411,997.9099084,rain,7.723519693,7.510805585
Lahore,9/12/2023,32.53161953,44.68335544,996.2963302,scattered clouds,4.2075389,5.75598594
Lahore,9/13/2023,22.77887097,50.39692829,1037.052802,rain,0.852179197,5.31090396
Lahore,9/14/2023,39.54758974,39.37474978,993.8696175,few clouds,12.83640111,7.708484698
Lahore,9/15/2023,40.82965464,35.03127264,993.4305115,few clouds,13.4410821,7.995994638
Lahore,9/16/2023,29.79187991,34.76556228,1004.018857,clear sky,7.678181867,5.225492864
Lahore,9/17/2023,25.73031668,40.2502212,1001.300918,thunderstorm,4.107370863,3.728192759
Lahore,9/18/2023,22.38000226,56.42249511,1022.227648,scattered clouds,1.684115759,3.767516167
Lahore,9/19/2023,35.41035579,35.33234928,982.411327,clear sky,14.11175708,9.887241151
Lahore,9/20/2023,26.49356415,31.76688976,1003.641377,scattered clouds,5.020928342,6.935929979
Lahore,9/21/2023,40.82892568,36.80813311,989.1073541,mist,13.18860516,8.737492424
Lahore,9/22/2023,35.1042994,38.84392678,990.7667303,clear sky,7.859372889,8.216544014
Lahore,9/23/2023,34.4964478,50.29883828,1009.040568,broken clouds,9.576237985,4.739543367
Lahore,9/24/2023,32.42565078,36.3889635,1018.719551,clear sky,9.40117039,3.848075972
Lahore,9/25/2023,20.09863215,64.40360383,1026.086765,broken clouds,0.302842215,2.122758008
Lahore,9/26/2023,41.36613846,29.5447975,997.674503,scattered clouds,12.70413987,5.031610448
Lahore,9/27/2023,34.07049984,48.13874317,1006.689116,few clouds,4.186232322,6.367402104
Lahore,9/28/2023,42.8574876,33.3732618,992.5385577,rain,7.152716259,9.059387793
Lahore,9/29/2023,31.89655371,46.62644146,992.0951086,clear sky,6.218916486,4.344556756
Lahore,9/30/2023,36.04266141,27.02627842,982.6652745,scattered clouds,10.7631815,5.459251998
Lahore,10/1/2023,20.34902939,85.63669122,1023.186817,thunderstorm,2.280598033,2.678635339
Lahore,10/2/2023,34.16166824,32.44176174,1001.871386,shower rain,7.027683559,4.460256147
Lahore,10/3/2023,37.35159068,29.32512108,995.9762104,clear sky,6.706583713,7.254381804
Lahore,10/4/2023,37.68434308,35.51129677,990.8635575,clear sky,5.223376544,6.320510272
Lahore,10/5/2023,37.48267965,21.21745331,997.6458208,broken clouds,10.71224388,6.698663527
Lahore,10/6/2023,24.43078306,78.21340867,1038.893267,scattered clouds,3.62190682,5.537773897
Lahore,10/7/2023,42.40956346,36.39423246,982.9527037,few clouds,11.89653964,6.674176764
Lahore,10/8/2023,42.88437089,33.21662597,987.896555,broken clouds,11.49822062,8.927590234
Lahore,10/9/2023,20.814301,50.51747569,1026.599241,broken clouds,6.282404662,4.129168501
Lahore,10/10/2023,41.47471415,23.60274054,986.1097751,mist,9.594686202,6.687689728
Lahore,10/11/2023,25.94678066,40.26339237,998.0109701,broken clouds,3.058586323,7.088941349
Lahore,10/12/2023,35.54281796,24.67380071,996.2747712,rain,11.30652682,7.975380348
Lahore,10/13/2023,27.1146621,58.87956421,1019.411354,broken clouds,7.725927007,3.043093638
Lahore,10/14/2023,42.22610376,33.03187828,995.4760666,rain,10.21494989,5.343641008
Lahore,10/15/2023,21.4360926,61.87883829,1020.947065,clear sky,4.825134092,4.763197797
Lahore,10/16/2023,30.94592361,57.89092496,1003.275337,broken clouds,5.265086693,5.232638948
Lahore,10/17/2023,29.27314701,52.21782598,1006.189432,shower rain,4.041658122,5.027538959
Lahore,10/18/2023,26.82456285,38.53821635,1003.885191,scattered clouds,7.651875648,3.729135921
Lahore,10/19/2023,34.49281578,41.36644708,1005.086642,few clouds,4.716305005,3.78659297
Lahore,10/20/2023,22.14533784,57.97715433,1008.138122,thunderstorm,3.194211365,4.98876225
Lahore,10/21/2023,36.19989804,39.42147997,998.074839,clear sky,9.916227306,9.14508567
Lahore,10/22/2023,42.53421097,30.34592992,995.0907,clear sky,9.771995505,7.800012703
Lahore,10/23/2023,38.30940915,37.92113375,993.6195485,rain,10.98449144,6.475639049
Lahore,10/24/2023,39.64040207,26.92999542,998.9984994,clear sky,5.294537089,9.663504083
Lahore,10/25/2023,27.63128184,55.82524809,998.53183,broken clouds,9.927777465,6.119811955
Lahore,10/26/2023,26.79727856,31.61660545,992.4347823,broken clouds,8.014173318,6.983210597
Lahore,10/27/2023,31.40916051,59.46270953,1014.78416,clear sky,5.977714473,3.016414601
Lahore,10/28/2023,20.09743875,86.48137468,1039.936679,clear sky,1.339310212,3.251598004
Lahore,10/29/2023,41.68859523,27.2640589,991.5686488,scattered clouds,5.801773224,9.354745432
Lahore,10/30/2023,22.45084415,80.98888661,1002.352376,clear sky,4.705332944,2.691166416
Lahore,10/31/2023,40.67231294,35.04515853,995.6093608,clear sky,8.16955615,8.632755884
Lahore,11/1/2023,21.00597333,86.05019188,1002.949962,broken clouds,1.606349208,4.288374126
Lahore,11/2/2023,38.74299826,26.14509962,990.8002797,clear sky,8.799543871,5.761091832
Lahore,11/3/2023,22.64710062,68.62080021,1011.101299,thunderstorm,4.150461615,4.874519136
Lahore,11/4/2023,19.91515874,84.5999845,1036.601071,scattered clouds,4.701936517,1.562633952
Lahore,11/5/2023,36.26774681,35.57158908,989.0266243,mist,11.45170069,8.639570483
Lahore,11/6/2023,25.7263672,41.80400156,1016.9539,rain,9.042859084,7.954841684
Lahore,11/7/2023,36.14790767,36.91450466,985.9816217,clear sky,7.187574311,9.789907159
Lahore,11/8/2023,32.32204601,31.40862118,1001.620878,few clouds,7.457223142,7.001208715
Lahore,11/9/2023,21.61137737,81.28185212,1037.884768,mist,0.707800633,3.672587121
Lahore,11/10/2023,41.37112176,24.13531719,984.026289,clear sky,10.4793469,8.374122879
Lahore,11/11/2023,29.85554019,38.58362723,1007.355035,clear sky,7.087708817,6.640541952
Lahore,11/12/2023,36.62673467,29.86429687,987.7702066,rain,7.162372989,5.042007621
Lahore,11/13/2023,31.02449373,43.49203503,1013.225007,shower rain,5.74185191,3.511831105
Lahore,11/14/2023,33.5046754,45.61710321,993.8788911,clear sky,8.790350227,5.98529566
Lahore,11/15/2023,26.26656622,46.34326787,1003.116449,mist,4.038863376,3.032672701
Lahore,11/16/2023,23.8086473,63.26110764,1027.957305,clear sky,3.041543383,5.544528254
Lahore,11/17/2023,32.02168488,35.25682539,1002.210487,clear sky,9.529131498,5.448313566
Lahore,11/18/2023,29.56525535,53.05443688,991.7559522,clear sky,6.528762494,4.288835378
Lahore,11/19/2023,28.36271712,41.99928447,1011.153368,clear sky,8.075935983,4.969105848
Lahore,11/20/2023,35.14161268,30.11681725,990.0639666,broken clouds,13.2686604,9.253882053
Lahore,11/21/2023,35.57215917,32.89393437,980.2261737,rain,7.037743748,9.635964369
Lahore,11/22/2023,20.10208135,86.38551689,1024.506236,rain,1.527520649,1.581174902
Lahore,11/23/2023,27.12986786,51.22658493,1017.596431,scattered clouds,8.310140193,6.88980317
Lahore,11/24/2023,28.88234921,31.36377677,993.3307784,mist,8.273147167,5.891135591
Lahore,11/25/2023,21.32541187,83.54241454,1023.626849,clear sky,0.421283244,3.927513788
Lahore,11/26/2023,24.6616208,89.57420061,1029.146755,scattered clouds,2.257487685,4.897260609
Lahore,11/27/2023,20.23940313,68.89940101,1002.830947,scattered clouds,2.789727443,2.114223434
Lahore,11/28/2023,42.90981037,39.39180673,980.4523092,mist,13.29040403,7.65522484
Lahore,11/29/2023,36.67737287,30.94657485,989.2839173,clear sky,9.218622554,6.596763077
Lahore,11/30/2023,21.09880376,68.38463983,1031.647467,broken clouds,6.481502233,1.472561725
Lahore,12/1/2023,3.364488836,63.25619059,1006.428776,clear sky,6.97625444,1.525397228
Lahore,12/2/2023,15.9471804,76.30219503,1033.465491,shower rain,5.46508316,1.682357353
Lahore,12/3/2023,10.90545898,59.19281682,1026.26309,thunderstorm,4.664706827,4.074499245
Lahore,12/4/2023,17.16234076,54.19736874,1013.286932,clear sky,2.743280162,1.529150992
Lahore,12/5/2023,19.62256868,51.0894841,1020.633032,mist,0.469276122,3.850519213
Lahore,12/6/2023,13.787407,61.69520451,1038.622999,clear sky,4.011971295,3.94148529
Lahore,12/7/2023,6.367951613,65.83083329,1008.657479,scattered clouds,2.531934339,5.519482551
Lahore,12/8/2023,17.07949265,72.08306785,1019.981416,clear sky,2.456286531,4.131882982
Lahore,12/9/2023,20.20461138,61.70999301,1024.979462,rain,4.813964769,5.927939204
Lahore,12/10/2023,13.44416317,89.3623829,1005.520584,rain,3.24547551,1.1549629
Lahore,12/11/2023,15.27595405,61.66980673,1001.740884,rain,5.264656913,4.520730683
Lahore,12/12/2023,9.074544511,67.63901554,1000.538398,thunderstorm,2.787212559,1.13240039
Lahore,12/13/2023,9.867498504,54.13104662,1012.987714,clear sky,1.056043698,4.646887889
Lahore,12/14/2023,16.22378096,60.42506053,1002.957892,clear sky,3.229432683,2.929251046
Lahore,12/15/2023,19.69987977,51.93328559,1032.150798,mist,6.6570876,4.056538827
Lahore,12/16/2023,14.32179097,72.38034534,1039.892781,shower rain,5.610672404,2.54769036
Lahore,12/17/2023,17.21726235,80.04258733,1002.452153,broken clouds,1.440244786,1.795525196
Lahore,12/18/2023,6.089430313,57.82839257,1017.309051,rain,2.739103512,4.61756259
Lahore,12/19/2023,6.815263625,64.71643751,1001.029285,thunderstorm,6.494544667,5.523101901
Lahore,12/20/2023,12.57662436,50.66464907,1005.359636,scattered clouds,0.865893411,1.917912219
Lahore,12/21/2023,6.17797546,83.58088223,1012.916902,rain,1.777651693,5.603515006
Lahore,12/22/2023,14.42991126,81.198541,1015.747929,scattered clouds,1.835558521,1.700910546
Lahore,12/23/2023,8.249757337,52.53016123,1037.591318,clear sky,3.99653013,4.678309413
Lahore,12/24/2023,17.24758714,64.59470437,1015.833472,broken clouds,2.875133238,5.797225791
Lahore,12/25/2023,17.54598624,88.21146455,1019.851106,clear sky,0.559094718,1.736854409
Lahore,12/26/2023,11.3481742,65.68108224,1009.823335,scattered clouds,4.404270182,3.175450234
Lahore,12/27/2023,6.254591431,71.04834707,1000.005006,rain,0.693545052,2.687287412
Lahore,12/28/2023,14.6419493,64.20971444,1035.973378,clear sky,4.244904524,2.942388751
Lahore,12/29/2023,20.87016633,73.84525553,1003.26859,mist,3.549058662,4.765698696
Lahore,12/30/2023,14.20663616,89.12627503,1038.569954,mist,3.455680625,4.305944663
Lahore,12/31/2023,3.643944433,89.90010014,1005.233764,thunderstorm,0.472473717,5.843434822
Lahore,1/1/2024,3.311291564,80.98859912,1024.195139,few clouds,4.474543128,1.927397517
Lahore,1/2/2024,8.766515469,66.17244392,1039.976424,shower rain,3.01924181,3.716304347
Lahore,1/3/2024,6.524108523,69.77728803,1005.538584,clear sky,2.877742856,3.245630727
Lahore,1/4/2024,17.63492173,64.26925312,1016.957723,thunderstorm,4.175159775,5.594280545
Lahore,1/5/2024,18.20650201,89.4229852,1031.216947,scattered clouds,4.24373642,1.053096162
Lahore,1/6/2024,7.655137884,78.31041223,1001.287606,scattered clouds,0.10523307,5.945852004
Lahore,1/7/2024,8.861605985,67.95725782,1027.59131,rain,0.876581308,3.398671572
Lahore,1/8/2024,7.252445419,50.4846108,1003.214934,thunderstorm,1.655627546,4.127698236
Lahore,1/9/2024,19.35088585,70.81933658,1009.460806,thunderstorm,4.745841333,2.800262779
Lahore,1/10/2024,12.04768802,89.35712807,1006.403046,thunderstorm,4.037187889,5.262633348
Lahore,1/11/2024,14.81046679,70.92243636,1036.293457,thunderstorm,5.303403927,3.809939726
Lahore,1/12/2024,10.47867756,57.29706742,1007.218269,clear sky,5.184254639,4.314054681
Lahore,1/13/2024,14.35825548,50.88374988,1001.617364,shower rain,5.972280084,4.24452354
Lahore,1/14/2024,9.945396781,64.18815032,1023.505027,shower rain,2.637704029,2.819910699
Lahore,1/15/2024,9.114211879,86.72912223,1013.847237,thunderstorm,2.415447063,1.379954979
Lahore,1/16/2024,14.42064132,89.86216433,1016.228249,mist,5.817107821,5.03853113
Lahore,1/17/2024,13.6391174,87.81471899,1004.76251,clear sky,1.663210737,2.448579596
Lahore,1/18/2024,8.283503175,79.17679973,1029.92938,thunderstorm,3.228206616,5.244651142
Lahore,1/19/2024,5.688272106,72.32570914,1024.062146,thunderstorm,1.360279564,4.043215044
Lahore,1/20/2024,9.634380489,73.62744586,1014.568682,broken clouds,6.396885195,2.76851979
Lahore,1/21/2024,10.4735575,71.55968036,1006.862998,broken clouds,2.854621092,3.971235745
Lahore,1/22/2024,14.316318,78.2819722,1023.73807,clear sky,1.487408288,4.227463462
Lahore,1/23/2024,19.46151775,66.75492907,1031.143891,thunderstorm,4.844093734,4.533417039
Lahore,1/24/2024,3.651326356,76.7681602,1012.495891,shower rain,1.712512747,5.111690673
Lahore,1/25/2024,7.385898226,54.8644846,1001.034415,broken clouds,6.604525222,1.798774711
Lahore,1/26/2024,6.486886961,60.62781226,1008.573759,broken clouds,2.573319104,5.720721924
Lahore,1/27/2024,12.04129936,83.44012155,1027.295913,thunderstorm,4.652484985,3.054203072
Lahore,1/28/2024,10.73461453,86.14995723,1039.563855,rain,2.416714518,5.302251492
Lahore,1/29/2024,16.12267723,71.5603295,1000.53505,thunderstorm,5.650719081,2.102397977
Lahore,1/30/2024,7.363486426,51.26542469,1012.246142,clear sky,6.278459187,1.145144861
Lahore,1/31/2024,13.70097058,87.07894283,1002.480835,thunderstorm,5.515428516,3.866720218
Lahore,2/1/2024,18.90943074,78.08257032,1012.653972,thunderstorm,5.939493131,2.623331395
Lahore,2/2/2024,19.39219932,66.56111695,1016.236574,few clouds,0.713165796,5.922310025
Lahore,2/3/2024,20.25812289,73.93515773,1036.834484,broken clouds,6.468452739,1.522267274
Lahore,2/4/2024,16.91870074,67.19099338,1003.222432,rain,4.370105102,1.23651433
Lahore,2/5/2024,19.30778231,68.61356907,1031.085362,few clouds,6.084522725,1.225089093
Lahore,2/6/2024,7.221555696,85.47239463,1015.821376,shower rain,4.791057349,2.084368476
Lahore,2/7/2024,6.556456998,56.44336988,1032.450514,clear sky,1.41293368,3.895955582
Lahore,2/8/2024,3.116785508,54.14676542,1020.536087,mist,4.266885712,3.527816868
Lahore,2/9/2024,15.72319843,50.10914978,1001.571282,thunderstorm,0.636623678,2.750379024
Lahore,2/10/2024,19.87440938,62.56001502,1037.848235,scattered clouds,4.870061212,1.443965537
Lahore,2/11/2024,6.364836211,55.89655066,1003.309363,clear sky,2.863007988,2.168685474
Lahore,2/12/2024,14.46498436,58.79941981,1023.90734,rain,1.062132212,1.920735324
Lahore,2/13/2024,16.43627567,50.44955931,1035.106711,thunderstorm,6.854608711,4.728334186
Lahore,2/14/2024,19.69705623,59.08781659,1003.190792,scattered clouds,6.307590969,4.899731915
Lahore,2/15/2024,14.64348403,63.30846328,1022.155736,few clouds,6.254805994,4.885070065
Lahore,2/16/2024,20.46528719,51.26269986,1032.971595,shower rain,5.521742144,5.845202722
Lahore,2/17/2024,9.204116538,74.31616497,1039.452988,rain,4.843867876,5.421189732
Lahore,2/18/2024,9.298713608,72.75201396,1028.973096,clear sky,4.585556362,3.489023736
Lahore,2/19/2024,12.77422518,53.88143114,1011.133375,shower rain,0.742656864,3.074680105
Lahore,2/20/2024,9.90303386,73.8003911,1027.982813,scattered clouds,6.303963647,5.578842589
Lahore,2/21/2024,3.025663109,89.94615674,1028.230671,rain,6.167898774,4.05612626
Lahore,2/22/2024,16.17189645,87.77875811,1027.99864,thunderstorm,5.234968386,2.471993335
Lahore,2/23/2024,16.53090675,50.10683973,1034.170417,broken clouds,6.491204714,3.822320139
Lahore,2/24/2024,16.44554288,81.81513245,1003.495203,shower rain,3.87158416,5.960747113
Lahore,2/25/2024,9.210371999,64.14421105,1004.336794,thunderstorm,3.133496343,5.247350301
Lahore,2/26/2024,12.40121052,52.54605481,1025.624685,shower rain,6.775631815,2.40639858
Lahore,2/27/2024,9.479523327,61.83932855,1038.155244,scattered clouds,3.248918315,5.76477213
Lahore,2/28/2024,3.288655201,62.86946065,1018.633546,thunderstorm,4.489271087,5.907310557
Lahore,2/29/2024,13.12408094,70.92976957,1038.422508,thunderstorm,2.611435028,2.155834797
Lahore,3/1/2024,21.97025599,76.44335069,1037.52341,mist,4.454283582,5.477960593
Lahore,3/2/2024,20.92099178,79.96222449,1036.11639,rain,5.040692969,5.416013588
Lahore,3/3/2024,37.13197765,24.91806085,998.1970195,mist,11.24655525,5.198767866
Lahore,3/4/2024,19.22814886,62.87082281,1035.932752,rain,3.601940589,4.348445965
Lahore,3/5/2024,42.01620265,26.16763414,996.3977877,clear sky,8.001107976,6.526403565
Lahore,3/6/2024,31.36612874,40.88210604,1010.849369,mist,7.506919733,6.373063132
Lahore,3/7/2024,42.59239434,39.99312618,980.4881636,scattered clouds,14.08428895,9.567793471
Lahore,3/8/2024,20.39194174,81.11773211,1005.290144,broken clouds,0.048388138,3.49389624
Lahore,3/9/2024,33.00470917,59.24971396,994.0269616,clear sky,3.937503192,5.072064154
Lahore,3/10/2024,27.38384886,50.79333179,990.7062085,rain,3.838412109,7.607656356
Lahore,3/11/2024,39.24357983,28.12541403,982.3340354,rain,14.23205303,9.870574589
Lahore,3/12/2024,27.66934565,41.69232551,1017.592393,thunderstorm,7.639233823,3.311181639
Lahore,3/13/2024,25.2517019,44.65743435,1009.914129,shower rain,9.662516745,7.614240346
Lahore,3/14/2024,39.58127505,28.33739567,986.2414604,clear sky,10.82813273,5.413842668
Lahore,3/15/2024,27.9916742,54.84978738,1013.8008,shower rain,6.23213028,4.686431067
Lahore,3/16/2024,19.40399968,68.60008052,1019.534779,few clouds,5.546400383,4.812870612
Lahore,3/17/2024,28.36693842,38.86843081,994.2638111,rain,4.126595872,6.88518491
Lahore,3/18/2024,34.70853446,53.24580806,1016.535062,few clouds,5.669366814,6.629109453
Lahore,3/19/2024,25.10462893,55.63261228,1000.159858,clear sky,6.263919684,3.19556244
Lahore,3/20/2024,29.36770222,42.61286868,1010.965777,mist,5.089208762,3.66483024
Lahore,3/21/2024,20.36116332,76.71234288,1011.623766,rain,2.598999287,5.681082491
Lahore,3/22/2024,33.114227,31.76413602,1005.002138,scattered clouds,3.546736308,3.407306942
Lahore,3/23/2024,37.15107817,30.58929704,996.3250542,rain,6.979835894,5.392729585
Lahore,3/24/2024,28.91950147,31.34943413,994.7033204,broken clouds,5.348477042,7.178229689
Lahore,3/25/2024,29.08558319,30.87572521,1019.317542,broken clouds,8.571233033,6.206328766
Lahore,3/26/2024,21.11877997,74.51699402,1002.808637,broken clouds,1.277481484,2.758280279
Lahore,3/27/2024,23.84658075,62.1334153,1021.360356,rain,2.426482618,1.828552435
Lahore,3/28/2024,22.71220728,79.7014865,1036.641021,clear sky,0.454442017,5.420852099
Lahore,3/29/2024,30.56050645,56.88247682,1018.370817,scattered clouds,6.899730414,7.942688788
Lahore,3/30/2024,31.70213298,34.18173521,996.9632689,few clouds,7.278756217,3.249858642
Lahore,3/31/2024,41.77456315,34.49045677,982.8796996,clear sky,13.65516463,7.77056691
Lahore,4/1/2024,20.7575561,70.58079993,1028.97612,shower rain,5.73381199,2.306517925
Lahore,4/2/2024,33.39683136,33.3635775,991.259207,rain,4.997645683,7.161934168
Lahore,4/3/2024,31.63596466,49.54777819,1004.557169,clear sky,3.958675824,4.730365459
Lahore,4/4/2024,31.38959435,48.28400409,1013.890657,mist,4.092582275,6.573146446
Lahore,4/5/2024,39.9558229,30.31283735,991.2050945,clear sky,14.68963943,7.697617108
Lahore,4/6/2024,23.9329233,87.05884818,1007.520531,mist,4.712580698,3.707616908
Lahore,4/7/2024,19.97855858,70.84318784,1019.481772,thunderstorm,0.297995515,5.289997156
Lahore,4/8/2024,35.13451618,39.81030231,998.4254943,clear sky,6.36779255,7.35202213
Lahore,4/9/2024,27.28377914,45.27686442,1008.516389,few clouds,6.400600456,7.227997671
Lahore,4/10/2024,19.42215799,54.63408153,1028.859625,clear sky,1.45480163,2.81713414
Lahore,4/11/2024,25.03297617,44.11413753,1000.087916,thunderstorm,8.625612895,3.873914712
Lahore,4/12/2024,26.42384258,35.46986288,995.6545133,scattered clouds,7.012519823,5.277386888
Lahore,4/13/2024,33.80412104,47.91400456,997.6692669,clear sky,7.288425455,5.491778907
Lahore,4/14/2024,23.14205906,77.72528701,1021.327104,clear sky,3.239778836,3.391915988
Lahore,4/15/2024,28.91330435,44.05305836,998.4066046,few clouds,4.792439428,7.041652059
Lahore,4/16/2024,30.57941067,32.93108903,1006.258944,rain,7.125825292,5.823394707
Lahore,4/17/2024,30.02169739,44.05924196,1011.233758,rain,8.018790323,7.442220359
Lahore,4/18/2024,42.3745784,21.62908429,994.6879175,clear sky,8.709480776,7.570927475
Lahore,4/19/2024,20.09210171,77.28503822,1006.587398,clear sky,3.534605414,2.123575414
Lahore,4/20/2024,41.82323647,35.8073645,995.008617,clear sky,13.3968397,5.647479201
Lahore,4/21/2024,32.96649314,58.87140982,1010.180644,few clouds,4.040772333,7.341814105
Lahore,4/22/2024,38.09746516,22.97604214,980.2401027,scattered clouds,10.45224419,5.280863995
Lahore,4/23/2024,29.32942283,45.97261007,991.7661653,clear sky,5.438888633,3.58804806
Lahore,4/24/2024,29.89210915,47.02612103,1009.387485,shower rain,7.919563308,3.318292595
Lahore,4/25/2024,40.10383598,38.44953068,987.674078,clear sky,5.188102432,7.118670986
Lahore,4/26/2024,40.50242791,32.54553281,982.92208,clear sky,11.704733,7.663078082
Lahore,4/27/2024,24.72853315,55.82038583,1001.775862,mist,0.720284138,1.099373655
Lahore,4/28/2024,23.78180509,67.45405296,1006.375934,rain,0.453374271,3.577930834
Lahore,4/29/2024,30.90964417,49.64287586,1018.725419,broken clouds,8.072363107,4.968797356
Lahore,4/30/2024,40.60664865,34.00568864,994.5513128,clear sky,11.40342153,8.868225912
Lahore,5/1/2024,26.73652224,55.89221996,1005.831163,scattered clouds,9.264551516,7.149783109
Lahore,5/2/2024,34.64835077,35.4152136,1018.246215,few clouds,6.637584691,6.424837182
Lahore,5/3/2024,35.99564051,39.03084294,992.3822088,rain,10.30024426,7.367477677
Lahore,5/4/2024,37.68819196,21.18278824,994.5129038,few clouds,12.07017836,6.080742975
Lahore,5/5/2024,32.53418699,59.51286404,998.4795546,clear sky,5.263783034,7.235574337
Lahore,5/6/2024,28.65892428,55.73301279,1007.669455,clear sky,3.258387188,4.7083457
Lahore,5/7/2024,42.20838373,33.20545566,982.8695449,few clouds,7.300458257,6.781459436
Lahore,5/8/2024,33.67193808,52.04986501,1002.134494,clear sky,4.666093883,7.580057736
Lahore,5/9/2024,36.48556508,21.45384012,980.6648065,clear sky,8.356588503,9.877986278
Lahore,5/10/2024,27.2795883,31.24439589,996.4988426,few clouds,9.604239131,7.490654782
Lahore,5/11/2024,35.07878034,22.03531593,981.4973726,thunderstorm,13.04842799,9.991173618
Lahore,5/12/2024,25.18714389,32.62079444,1001.633365,scattered clouds,9.551693716,7.34454422
Lahore,5/13/2024,24.88232602,71.89524934,1033.721407,few clouds,6.990267131,4.521787588
Lahore,5/14/2024,36.15333284,24.30887974,987.5586821,mist,9.337790041,6.469096998
Lahore,5/15/2024,31.51347367,55.80616912,1014.949189,shower rain,4.589513217,7.764785244
Lahore,5/16/2024,35.39863865,28.91497246,993.1299663,clear sky,10.60004161,9.383134158
Lahore,5/17/2024,25.46652378,50.86531429,1005.285883,rain,9.167940898,4.203733962
Lahore,5/18/2024,33.36936019,49.58619279,997.1067508,scattered clouds,6.260123027,5.445812366
Lahore,5/19/2024,29.65440759,39.59559117,1017.664683,scattered clouds,6.537795118,3.350278303
Lahore,5/20/2024,33.32704688,37.29502721,991.6260243,clear sky,3.941073741,7.766544316
Lahore,5/21/2024,25.98111357,40.27368856,1010.667391,thunderstorm,5.943188448,5.863841639
Lahore,5/22/2024,36.17082313,35.93316748,992.4247979,mist,8.869948098,6.22600273
Lahore,5/23/2024,38.34230479,31.72553697,988.8208304,broken clouds,8.516885029,6.461996568
Lahore,5/24/2024,25.23799537,37.60615988,997.2096287,shower rain,9.211090689,7.903281863
